	pseudo1	pseudo2	pseudo3	pseudo4	pseudo5	pseudo6	pseudo7	pseudo8
A2M	920	1002	326	2066	79	458	4167	1174
AAK1	1016	561	425	862	2004	927	1529	688
ABCC3	1114	191	1224	252	2196	3740	631	556
AC016831.7	284	79	262	253	180	32	151	110
AC020571.3	7	1	142	39	10	9	1	8
ACAP1	322	474	667	1030	609	96	278	294
ACE	64	69	26	29	202	167	625	140
ACKR1	90	9	19	2	108	3	59	296
ACOT7	465	208	326	298	860	255	411	383
ACP5	1507	1850	2172	1657	693	585	2312	2707
ACSL4	108	191	314	267	561	708	333	268
ACTA2	828	766	293	141	144	434	3660	2455
ACVRL1	43	108	29	31	12	25	303	220
ADAM28	306	72	297	411	167	3678	521	260
ADGRF5	843	18	1857	52	131	2775	700	446
ADGRL4	42	11	5	0	20	57	378	141
ADH1B	9	11	6	3	0	0	6	6
ADIRF	106	326	321	28	2528	33	970	635
ADRB2	310	145	221	221	308	64	740	245
AEBP1	154	176	31	21	92	10	249	727
AGER	25	7	74	18	57	40	45	21
AGR2	30769	51	15307	3117	14524	163821	23671	7467
AGR3	91	0	1807	30	1	5801	179	8
AHR	415	369	1660	524	812	4722	796	1403
AIF1	2216	4592	3235	8525	676	544	6344	11202
AK1	2080	266	4554	349	2725	2785	5189	1309
AKNA	196	219	421	400	331	253	401	203
AL928768.3	20	13	464	78	11	28	0	135
ALDH1A1	1628	585	559	604	22	50	450	291
ALDH2	2058	824	1010	1306	530	3346	8353	1063
ALG13	1194	251	802	544	1884	1079	1139	535
ALOX5	154	237	530	662	83	58	762	739
ALOX5AP	1198	3017	5038	7009	435	569	7990	8062
ANAPC11	12108	1981	4655	3357	22132	15169	14767	6821
ANKRD12	1137	856	1510	1418	3344	4956	2177	1112
ANKRD28	385	291	697	927	526	2825	935	466
ANKRD44	140	200	475	481	150	138	220	237
ANXA1	1269	4272	4620	4630	45234	3275	15595	5493
ANXA2	11259	5423	7838	9049	76007	42823	34532	17266
ANXA5	3059	3210	2754	5032	6839	4213	8167	5219
AP1S2	1085	1018	1044	2943	436	405	1272	1885
AP2S1	5036	2956	4066	5945	7143	5584	10972	10665
APLP2	7211	2740	4684	2482	7097	9717	14465	4442
APOBEC3G	159	648	622	490	1268	52	295	475
APOC1	15160	21778	18668	37226	1372	2538	20309	27079
APOD	10794	14202	423	3429	3647	966	3131	7046
APOE	37617	52944	41560	80846	2363	9338	44906	60737
APP	6906	837	1406	1555	6748	13319	8888	1426
AQP1	25	38	4910	1	58	42	24	45
AQP3	690	413	7614	262	1046	3954	5327	885
AQP5	6618	0	4168	378	0	0	8082	67
AREG	2092	2311	1589	13273	8199	558	5109	8773
ARHGAP18	830	581	491	1052	1044	276	1319	1150
ARHGAP29	497	220	223	59	3403	924	1028	617
ARHGDIB	6767	3388	11608	8346	3833	10049	14502	6805
ARHGEF1	512	415	789	573	930	444	753	355
ARHGEF6	55	95	174	217	29	27	149	176
ARID4B	1673	584	1213	976	1730	4808	3366	1150
ARID5B	674	628	677	1038	1748	1290	1926	1099
ARL4C	956	487	379	1390	2375	539	982	1041
ASAH1	3006	2852	4693	6030	1376	25952	5702	4386
ASPH	2373	916	2960	656	4903	13477	1242	946
ASPN	79	71	17	1	0	19	141	27
ATF3	2594	846	434	1496	2066	1295	13058	2758
ATP1B1	13665	1146	4189	1701	12228	30206	47733	3052
ATP6V0B	8711	3144	4646	5900	4707	8428	15977	6617
ATP6V1F	9020	3497	5897	7910	16306	12802	15541	9501
B2M	60649	83527	115705	126979	97338	71090	117927	126716
BACE2	2600	110	391	398	1280	2962	3811	450
BANK1	138	20	248	97	251	360	134	25
BCAM	1792	217	1975	94	1553	1186	1469	498
BCL2A1	1209	982	662	3540	341	115	1673	2661
BEX4	3966	412	781	922	487	189	956	773
BGN	259	918	78	121	255	276	2948	2738
BHLHE40	552	514	777	1200	3039	1402	2231	813
BIN2	193	420	418	983	68	57	276	378
BIRC3	508	628	1261	895	424	299	2305	1241
BRI3	7977	2698	2025	4946	9982	23086	24849	4906
BST2	5815	1670	8658	3664	1392	5462	8582	6238
BTG1	11588	4649	9114	14878	7171	6080	18727	8774
BTG2	2633	1044	1473	2988	462	1187	6102	1140
BTK	76	141	438	306	25	27	153	302
C10orf10	237	293	160	209	4968	384	1699	339
C11orf96	186	89	127	110	39	2012	2736	882
C12orf75	5440	354	396	507	231	6750	6619	670
C15orf48	1845	750	1138	3642	12277	584	1186	13294
C16orf89	9221	51	12452	129	257	1229	4502	251
C19orf33	1912	1005	1448	203	9447	390	2374	1323
C1QA	10722	18437	7647	23186	560	2426	32242	23260
C1QB	10803	22094	10781	30305	486	2415	36809	27273
C1QC	5543	12245	5681	19629	316	1158	17622	13442
C1R	559	1865	357	243	97	162	409	2352
C1S	314	1633	230	172	61	12	265	2205
C1orf162	898	1583	1676	2925	181	220	2652	4624
C1orf186	6	14	1211	195	3	47	11	6
C3	308	297	4248	1868	34	129	612	1317
C4BPA	105	0	3482	17	1	5001	4428	10
C5AR1	419	590	235	954	114	66	1085	1358
C7	190	567	66	24	1	1	133	1080
C8orf4	4552	47	481	474	11	21886	2208	2547
C9orf142	1337	597	1286	1132	2620	3120	2554	1082
CALB2	0	4	187	17	8	8	2	2
CALCRL	21	18	12	21	13	26	212	76
CALD1	1340	1111	483	189	2338	11058	4902	2421
CAPG	6144	2721	4405	8030	1731	3466	5428	6220
CAV1	182	952	527	163	3247	94	978	560
CAV2	325	528	367	102	6276	615	1059	293
CCDC50	769	307	246	594	453	1043	1113	735
CCDC80	90	517	76	66	605	25	206	1773
CCDC85B	2096	1187	1327	1751	4820	3484	3035	1806
CCL18	522	3046	2350	5473	2	68	2791	2632
CCL2	1265	6076	4848	3818	590	486	4453	13749
CCL20	2210	1628	1451	2550	184	7362	5141	8563
CCL21	0	0	0	0	31	0	9	0
CCL3	19033	8931	2556	30124	748	2168	13541	11378
CCL3L3	9062	929	913	27595	633	948	15269	6715
CCL4	14717	9146	2556	25970	864	1851	10834	7576
CCL4L2	10407	1667	1946	31162	694	1431	17972	7899
CCL5	1185	6343	5365	3865	527	246	700	1221
CCND1	4933	449	1939	381	10463	6169	2791	540
CCR7	23	15	132	205	25	11	46	71
CD14	1649	4845	1793	7160	534	534	4183	7351
CD163	906	4872	965	4132	41	218	1836	4095
CD1C	64	11	188	280	24	21	78	34
CD2	297	1047	1631	1839	125	126	260	446
CD207	1	0	183	8	0	12	19	13
CD24	9617	22	1620	533	19260	5269	8807	4560
CD247	76	257	327	813	76	73	69	121
CD27	176	463	1201	541	51	67	104	212
CD34	28	7	1	0	5	15	298	63
CD37	947	1301	2724	3656	320	180	1849	1907
CD3D	477	1159	2619	1919	251	148	236	619
CD3E	222	702	1285	1194	90	64	172	347
CD3G	170	319	463	605	60	66	65	140
CD44	1693	2059	4017	4579	7462	3334	1814	3711
CD48	379	864	1119	2196	307	151	508	1227
CD52	1566	2424	9254	4857	504	125	2136	2030
CD55	4656	581	3624	838	5557	2767	17548	1631
CD59	8174	1674	8747	3262	28016	2946	6028	4417
CD6	40	130	154	197	47	10	73	69
CD63	71923	14243	36443	23898	52109	73671	54112	27228
CD68	3104	5927	4044	7899	1479	548	6900	7895
CD69	473	2028	1253	5233	219	199	777	502
CD7	218	816	1058	1408	116	792	502	631
CD74	47605	25780	53822	60996	5698	12049	49976	30430
CD79A	159	94	1498	557	63	120	31	376
CD79B	94	114	649	523	47	32	53	189
CD82	1966	426	1362	595	2679	965	782	803
CD83	1568	889	678	2903	483	198	4821	1755
CD8A	85	845	531	233	92	14	49	53
CD9	16681	1808	7479	4211	19976	16805	7151	3346
CD93	46	174	85	412	50	73	458	623
CD96	73	133	778	228	41	14	33	49
CD99	4667	1942	1731	2655	14683	3321	12275	4781
CDC42EP3	258	240	580	342	1928	412	1368	638
CDC42SE2	837	519	782	759	1052	2435	2948	525
CDH1	1541	85	1924	126	9468	3103	3574	608
CDH11	39	283	307	44	9	3092	298	443
CDH5	39	8	7	1	49	16	219	80
CDKN2A	54	431	99	105	10	259	982	4625
CEACAM5	4377	0	693	0	2560	1047	15015	31
CEACAM6	3491	42	5805	235	13484	15695	24542	1341
CEBPB	2775	3032	970	3173	5956	4470	6702	4740
CEBPD	3397	1665	1248	2929	1288	30616	11036	3487
CFD	1587	2017	1409	2676	438	1940	4144	1839
CFH	307	896	334	160	21	1537	1109	1100
CHI3L1	933	14	32	61	951	6	830	573
CKB	1972	428	298	546	1546	47	5413	1523
CKLF	1789	1077	2886	3944	14528	3126	8948	3822
CLDN3	8581	177	1780	57	15743	3846	7819	1988
CLDN4	20166	1077	3719	643	35472	21906	12276	2271
CLDN5	519	52	22	0	32	277	5817	1079
CLDN7	5743	708	1751	229	18107	4091	11054	2911
CLEC10A	215	252	228	622	2	31	228	260
CLEC11A	495	439	555	331	965	474	1730	1090
CLEC14A	59	39	10	4	16	92	646	168
CLEC2B	951	1154	821	1932	967	3019	1326	1490
CLEC2D	111	267	569	350	344	336	243	247
CLEC7A	349	772	287	1533	650	153	915	1134
CLEC9A	24	18	30	13	0	7	11	18
CLIC1	17306	5080	8263	7841	29225	16475	28241	13723
CLU	5992	2303	6879	4721	271	8971	767	600
CMC1	1231	461	1620	1284	1300	1843	5462	1011
CMTM6	1520	643	1745	1441	1395	2560	2683	1414
CNIH1	1938	690	1756	1054	10268	4400	1653	1347
CNN1	19	2	3	1	0	0	54	25
CNN3	869	469	885	158	4402	1042	1249	1073
CNOT6L	269	199	273	307	306	471	700	197
CNRIP1	84	140	437	199	5	35	183	211
COL13A1	20	38	36	4	8	9	32	123
COL14A1	21	27	3	5	54	34	85	43
COL1A1	886	6068	425	549	25888	1193	3851	18231
COL1A2	605	4260	278	302	107	157	3342	8694
COL3A1	494	4313	245	307	45	93	2438	11988
COL4A1	256	444	43	26	142	267	2796	1010
COL4A2	214	371	45	23	541	204	2324	1050
COL5A1	47	200	14	29	334	81	169	1039
COL5A2	274	246	27	10	16	36	385	877
COL6A1	503	1020	105	86	2968	368	696	1451
COL6A2	469	1317	70	83	2630	107	1038	1864
COL6A3	111	535	31	47	18	5	216	1205
COL8A1	28	85	383	2	26	459	113	162
CORO1A	1919	2461	3459	4782	1092	1029	2015	3278
CPA3	14	55	4159	583	0	4	14	0
CPM	2221	881	3430	1742	2696	540	1821	1180
CPVL	529	787	540	1081	334	192	575	1104
CRABP2	11790	116	5109	28	20945	3732	9606	5951
CRBN	343	252	563	529	767	1263	752	418
CREG1	1507	3165	2657	3562	3687	1592	4489	2579
CREM	1233	559	692	1577	486	484	2082	1738
CRIP2	5171	401	277	1174	12654	2906	2475	2828
CRISPLD2	92	65	48	27	448	23	215	398
CSF1	56	171	156	201	24	148	347	364
CSRP1	1826	467	1080	626	1376	677	2501	1080
CST3	45184	12440	23791	24529	80757	21517	51708	29900
CST6	92	49	73	128	116005	63	42	1519
CST7	163	705	1214	1565	1003	31	148	263
CSTA	268	1023	650	1763	173	49	5615	1766
CSTB	15089	12193	18461	22255	109352	23735	18654	20006
CTD-3252C9.4	643	232	179	875	955	1252	1392	549
CTGF	1018	350	289	56	98	197	1321	1265
CTHRC1	202	783	54	35	2345	141	1036	4531
CTNNAL1	1095	122	846	64	438	492	809	347
CTNNBL1	698	318	959	439	2032	454	774	794
CTSB	4726	20051	11528	18863	7130	16188	15835	25524
CTSC	1984	3864	4584	3661	17893	5185	8964	6652
CTSD	17757	22155	32358	23453	15663	12315	31815	25027
CTSG	1	3	180	31	0	0	13	3
CTSH	1699	1580	4928	3320	4070	2010	7611	2245
CTSK	142	245	89	354	82	110	283	788
CTSL	1891	7865	2827	7205	2983	1498	4156	9325
CTSS	2875	3742	3746	5580	2950	837	3810	5209
CTSW	177	545	694	755	80	18	59	182
CTSZ	7730	3593	2219	5562	4700	6574	14026	7728
CXCL12	119	851	52	50	5	629	295	1282
CXCL16	2142	823	1610	2108	1788	1321	2132	1770
CXCL17	4451	48	6878	1321	3901	4071	22186	3107
CXCL2	3962	4362	2465	5906	2373	16532	18867	8740
CXCL3	2338	3311	1346	5331	549	2423	4005	6313
CXCL8	9003	13001	6746	27466	9029	8034	9121	13997
CXCR4	1701	3602	2717	8068	437	727	2536	2068
CXorf36	26	6	7	6	3	22	210	134
CYB5A	4527	1724	8503	2031	5653	27336	6600	7180
CYBA	15982	8866	10835	16866	43717	15878	25095	22163
CYBB	242	604	384	772	99	96	824	1012
CYP1B1	311	1588	527	153	1413	334	302	2134
CYR61	538	441	671	118	2510	469	1280	1746
CYTIP	297	623	665	1270	155	167	548	552
CYYR1	20	6	7	12	4	32	256	62
DAB2	732	1388	503	2186	64	1932	1358	2167
DCN	2882	8036	446	119	89	187	3869	16469
DDAH2	2971	707	912	1169	2204	1463	4297	1888
DDIT4	1639	1972	2555	3130	19359	1323	6047	2568
DDX24	1411	756	1247	1691	5739	1941	2353	1549
DERL3	196	112	2014	90	287	453	2464	461
DHCR24	2186	216	2545	294	1718	1858	5443	1377
DKK3	321	126	51	59	23	17	226	296
DMKN	21	18	1354	175	5702	2177	220	1513
DNAJB1	2976	1885	10333	4225	7404	4013	15569	7319
DNAJB9	1482	754	1617	809	1649	2429	3541	837
DNASE1L3	18	6	10	13	18	8	23	12
DPT	2	50	2	0	0	0	4	110
DRAM2	1854	699	899	1152	2025	637	1156	1174
DSTN	7866	1706	7577	2198	37772	24793	21919	3763
DUSP1	12593	8873	5640	23328	12672	19932	31915	14068
DUSP10	276	168	254	393	568	494	2532	389
DUSP2	1317	2155	849	4973	414	204	5376	1896
DUSP4	294	500	290	526	243	10281	968	827
DUSP6	6119	778	2104	1063	7063	5253	7219	1380
DYNLL1	15945	4511	7022	6908	26702	29435	25911	13294
ECSCR	63	27	17	2	30	74	482	449
EEF1A1	99161	47484	87282	91903	161707	142246	135962	88011
EEF1B2	11536	6199	9170	12813	37101	31344	35322	14905
EEF2	10590	5658	10063	8570	24472	15378	27897	9512
EFEMP1	46	538	416	40	135	122	93	1072
EFEMP2	1393	238	28	47	195	1097	356	788
EFNA1	1292	208	2166	336	12363	4194	5829	1045
EFNB2	28	70	569	48	1510	866	419	58
EGFL7	2771	103	172	88	2580	5587	3046	369
EGR1	3527	2699	2344	4447	5338	1965	13024	4316
EIF1B	1444	1212	1506	1937	2561	2413	2715	1242
EIF3E	4932	3750	7071	4865	17578	24876	5020	4416
ELF1	1055	654	940	1357	1696	1169	1559	938
ELF3	19259	513	4924	719	20944	45287	31586	4665
ELL2	416	612	595	908	1713	4264	2064	968
ELN	74	29	3	6	19	56	71	90
EMB	246	385	470	657	2500	463	1569	522
EMCN	22	11	10	1	12	24	247	50
EMILIN1	54	162	20	28	47	21	212	444
EML4	2487	294	969	569	3466	2968	2497	895
EMP1	315	448	382	522	3098	1112	434	938
EMP2	9121	229	2295	141	8911	36449	5643	1361
EMP3	2412	2199	2954	4381	5151	1022	2960	6089
ENG	454	663	355	656	293	438	1272	1866
ENPP2	128	401	110	460	1	27	202	132
EPAS1	1093	289	483	238	942	1921	2247	924
EPCAM	19819	707	4489	482	35439	15838	24877	3561
EPS8	1449	382	1173	314	701	5597	3290	603
EREG	262	713	215	2212	1921	23	401	2878
ERRFI1	669	707	967	190	3944	5458	4229	899
ESAM	400	26	861	0	32	259	1559	311
ETS1	90	172	139	409	255	95	283	111
ETS2	903	556	1672	694	1719	1775	2471	1128
EVI2B	548	742	1480	1483	138	162	818	1165
EVL	921	901	1160	1541	916	584	718	659
EZR	4384	654	1414	950	8475	2681	3893	2227
FABP4	319	87	558	8	16	0	357	1402
FABP5	4762	3866	3346	7171	2165	337	11070	14912
FAM167B	24	2	12	3	21	31	98	50
FAM177A1	26451	794	1400	1749	10152	7660	82859	3036
FAM43A	394	148	123	187	275	43	318	217
FAM46A	796	265	526	399	2313	798	1376	993
FAM46C	271	189	471	521	791	1492	353	157
FAU	30706	17876	27047	28556	82982	43911	58222	34100
FBLN1	340	1812	104	36	1619	40	616	4144
FBLN2	152	429	57	23	234	0	64	1947
FBLN5	671	149	99	201	62	158	191	581
FBP1	2102	719	2241	931	979	3353	2900	1923
FCER1A	67	19	420	436	1	40	77	16
FCER1G	2644	9022	4862	17284	805	1298	9430	14813
FCGR2A	559	1155	934	2339	775	289	4081	2941
FCGR3A	614	2908	692	2869	319	305	2880	3493
FCGRT	5370	4443	3264	6301	3538	3115	7956	6015
FCN3	15	1	4	0	14	48	40	27
FCRLA	18	3	104	43	2	5	6	9
FGF7	57	63	31	32	34	82	24	113
FHL1	82	106	141	126	142	13	245	121
FKBP11	1857	519	2772	445	885	1768	5586	1524
FKBP1A	4781	2061	4293	3160	12229	8365	9539	6251
FLT1	158	72	53	70	24	197	537	149
FMO2	23	142	10	1	0	1	11	56
FN1	1016	4145	1898	1969	977	645	5347	20314
FNBP1	400	730	454	1296	1141	772	1157	712
FOLR1	7378	4	1592	0	1390	23	1475	62
FOLR2	720	1114	177	1419	38	75	1601	944
FOS	16406	11297	9446	22380	40767	10333	24442	16529
FOSB	4801	2629	3051	6242	10968	3322	12764	5744
FOXJ1	171	5	146	24	34	487	225	251
FOXP1	1222	361	1805	1059	692	3079	2513	926
FRZB	594	368	94	20	9	57	796	727
FSCN1	181	388	188	692	2275	155	446	1910
FSTL1	374	269	92	30	750	75	599	1064
FTH1	251720	154794	230318	262509	187893	1069542	452528	309302
FTL	293933	435846	474967	592859	84222	928309	500274	605422
FXYD1	53	89	42	92	16	45	89	149
FXYD3	3919	230	6727	753	5039	3900	11900	9043
FXYD5	3701	1724	5010	5481	15715	1463	6099	5292
FYB	522	1331	777	2313	2272	243	881	1533
FYN	236	297	505	513	478	172	509	265
G0S2	3419	1435	948	4989	2021	405	3831	5137
GADD45B	3698	3183	3864	6176	3645	3799	8833	4966
GALC	187	186	228	291	969	137	215	285
GAS6	214	322	661	769	208	105	541	488
GATA2	77	10	540	257	229	316	213	176
GATA3	47	104	94	121	20	2605	102	35
GCHFR	3342	800	1581	1302	3112	2777	2386	2614
GCSAML	0	0	115	28	0	1	1	2
GDF15	4034	282	1191	500	2153	11652	18139	2059
GIMAP4	154	452	526	574	70	125	629	813
GIMAP7	81	422	469	403	38	94	534	384
GJA1	13	49	656	45	1	324	204	231
GLRX	1652	2282	1647	3151	1372	13329	4562	2999
GLTSCR2	4460	2964	5265	6045	13687	7482	8874	3922
GLUL	6367	8738	8349	11365	3802	5036	40741	13237
GMFG	1032	1848	2254	3378	281	306	2137	3279
GNG11	215	280	202	18	34	252	3501	795
GNG2	86	200	240	415	163	28	240	287
GNG7	353	453	420	923	364	208	118	190
GPC3	66	14	31	0	137	17	4670	87
GPIHBP1	34	11	1	18	0	1	49	1
GPNMB	2369	3298	3054	7218	948	1691	2209	3521
GPR183	1650	873	731	5124	157	267	2531	1961
GPR65	151	448	461	774	52	75	336	505
GPRC5A	4360	195	1783	214	8516	2291	3552	593
GPX1	17782	15141	18445	34266	14863	20469	32412	35104
GPX3	2979	425	213	292	3058	1217	372	511
GRAP2	14	80	410	176	19	13	39	25
GRN	6475	4998	5743	7635	10348	5273	12201	6826
GSN	3251	3337	2146	4449	11047	858	12929	3833
GSTO1	3776	2635	2422	4851	4865	2399	5693	6354
GSTP1	44544	5150	22594	7961	26767	78559	86265	16233
GYPC	995	1133	1622	2929	68	304	1093	2073
GZMA	419	1528	1927	1445	195	129	166	325
GZMB	125	1738	441	1510	239	51	145	293
GZMH	123	1039	637	976	144	30	78	127
GZMK	171	813	1405	467	28	18	81	104
GZMM	366	191	328	506	251	16	35	71
H3F3B	39535	8709	17933	18086	48907	52428	28702	24505
HCST	662	2263	2166	3846	256	179	1275	2706
HDC	1	3	130	49	3	0	6	2
HEG1	125	107	43	107	108	38	286	318
HERPUD1	4180	2404	4564	3287	7465	4678	10970	3622
HES1	2801	495	984	452	10284	4599	4863	1889
HEXB	1920	1116	1316	2050	1178	2064	5435	1867
HLA-A	26601	22668	28060	30043	94998	5762	35403	36058
HLA-B	23943	26030	25731	26070	80422	8979	35940	24615
HLA-C	32286	17939	24604	20641	57735	6367	47232	23307
HLA-DMA	6414	2962	4054	4628	1011	824	4581	3051
HLA-DMB	3112	1551	1721	3466	553	479	3432	1706
HLA-DOB	29	20	233	64	66	22	47	55
HLA-DPA1	18208	8044	11791	22298	1583	2703	13720	6302
HLA-DPB1	13791	8684	14267	24669	1532	3294	14701	7911
HLA-DQA1	2994	3189	3573	6997	455	1093	7440	3702
HLA-DQA2	1880	3839	55	48	220	22	30	15
HLA-DQB1	9245	2947	8344	9332	10410	963	6544	5963
HLA-DRA	31128	19739	27847	48890	4569	6842	27701	20086
HLA-DRB1	10882	8110	25483	33036	1708	3240	17811	10239
HLA-DRB5	6104	6740	135	242	329	7	62	43
HLA-E	5201	5864	6500	7630	14026	3480	9822	6928
HLA-F	420	1016	1033	915	2964	229	1536	755
HMGB2	1387	1311	1330	1590	4298	903	3912	3030
HMOX1	995	18806	6551	16177	485	295	992	2077
HOPX	1000	2482	9936	743	3685	1364	7208	943
HPGD	2219	124	1220	1353	3493	195623	15002	219
HPGDS	100	103	1960	498	17	56	268	64
HSD17B12	1795	461	1138	711	2025	3624	2781	834
HSPA8	12917	7170	4936	7413	23239	34168	24591	9054
HSPB1	25108	5732	20230	8286	44278	40182	44469	11390
HSPG2	480	117	449	17	358	129	1177	437
HTRA1	334	500	302	1171	99	215	698	2039
HTRA3	39	118	8	13	108	10	82	419
HYAL2	1133	218	294	137	568	1502	1910	612
ICAM2	238	107	438	222	28	81	433	428
ICAM3	638	453	1451	1067	1109	731	1419	547
ICOS	45	150	136	301	33	16	68	53
ID1	887	1521	423	1374	3050	15999	3446	1565
ID2	3378	3940	2803	5844	3080	1113	3710	4251
ID3	575	626	598	711	1031	5503	5725	2718
IER2	8255	4359	5240	11128	10262	5481	15266	5797
IER3	5506	4146	2744	11250	10170	5050	12736	8791
IFI27	1155	2268	16637	861	25398	421	46300	43275
IFI30	187	1009	284	902	174	208	728	1146
IFI6	1787	1764	7251	5037	5320	355	17559	16662
IFITM2	3597	1965	2949	4455	2305	14340	4624	5794
IFITM3	8028	6874	6491	5940	9153	15846	22129	31403
IFT57	1674	192	582	282	1016	778	1111	1347
IGF1	69	104	50	233	19	49	267	157
IGFBP3	98	22	24	28	1820	54160	434	933
IGFBP4	1479	1171	1269	183	2063	1813	1892	4670
IGFBP5	408	361	42	390	108	31044	821	334
IGFBP6	350	836	785	88	195	338	1311	2257
IGFBP7	5947	8769	1621	652	3699	2525	23450	29249
IGHA1	1272	9335	143100	1595	43	13465	8	25124
IGHA2	196	2850	11144	347	4	19	0	3575
IGHG1	4157	12440	153334	2848	49	7698	2116	45450
IGHG3	1938	16109	305874	3884	5	11487	4569	30116
IGHG4	587	6350	173763	689	58	3174	1751	14482
IGHM	7266	27	23880	164	16	1475	98	111
IGKC	19109	73117	838049	6241	278	72139	62	178329
IGLC2	36760	18	456228	13532	3	50381	8916	91560
IGLC3	2098	21	232764	6120	79	10253	151	72446
IGSF6	547	588	461	1286	99	282	1292	918
IL18	431	793	787	1509	1127	151	714	733
IL1B	3450	1931	734	8109	356	245	3002	4389
IL1RL1	5	83	208	76	399	9	34	23
IL1RN	316	233	178	834	315	47	552	1700
IL2	1	0	5	6	4	8	7	3
IL2RA	57	112	124	244	48	32	1006	136
IL2RG	250	516	1249	1057	108	57	257	391
IL32	2169	3907	5251	3750	2991	300	4856	4484
IL33	8	4	37	73	10	5	33	25
IL3RA	17	43	17	37	16	16	73	64
IL7R	110	290	651	1184	353	52	183	780
INMT	13	30	16	6	2	1	13	144
INPP5D	110	167	244	545	929	45	366	309
INSR	544	147	455	198	464	567	1818	335
IRF1	791	1651	1355	1903	2555	987	5178	1012
IRF4	9	72	78	60	13	4	13	26
IRF8	201	473	471	615	47	71	493	496
ISG20	1705	891	2255	1403	2139	1839	7939	1978
ISLR	247	613	48	18	4	1	251	1409
ITGA3	431	178	656	152	9026	658	986	724
ITGBL1	35	139	8	10	19	0	59	365
ITM2A	1330	784	927	404	57	237	2024	554
ITM2C	5954	610	2440	834	6266	1210	4335	1389
JAM2	48	42	9	25	10	22	218	121
JCHAIN	4107	2497	17069	541	4	1909	70	2897
JUN	15612	7149	11734	18100	22015	29416	28331	11035
KDM6B	742	391	499	1033	1363	324	1834	855
KIT	3	4	286	72	3	190	484	17
KLF2	601	375	123	851	583	65	2843	719
KLF4	1089	1126	391	2141	3170	1013	4902	1658
KLRB1	203	278	1282	2464	76	148	231	700
KLRG1	27	55	315	136	17	7	24	42
KMT2E	1880	790	1975	1504	4156	5570	2545	1203
KRT18	23676	2450	7093	741	85472	31161	38920	7437
KRT19	21319	6189	8547	184	211293	24402	19765	6554
KRT7	7394	5736	3140	662	60217	4172	13359	4763
KRT8	23169	1532	5036	629	48005	18575	29035	5065
LAG3	62	415	199	103	38	34	118	66
LAPTM4A	10194	1989	6199	2697	9066	9887	8914	3927
LAPTM5	2422	5461	5950	11682	1590	845	5825	11244
LAT	123	288	893	492	117	86	101	184
LAT2	322	276	587	845	311	638	525	600
LBH	413	206	361	320	1110	605	1258	397
LCK	180	544	657	804	107	47	143	234
LCN2	868	525	1185	72	985	5583	5541	12086
LDB2	21	19	10	8	7	17	200	90
LEO1	224	115	162	206	538	1509	572	231
LEPROTL1	722	594	1078	1232	1269	3824	1346	1306
LGALS1	7243	15108	11147	31188	24671	27329	28339	54696
LGALS3	22001	5414	4802	8221	162080	27539	20588	9531
LGALS3BP	8973	1778	6410	1987	16320	6943	14636	4341
LGMN	3028	2310	1962	5384	11317	2292	4841	6170
LHFP	620	321	77	53	82	88	756	465
LIFR	79	80	613	69	336	253	845	164
LILRB4	473	977	489	1648	95	179	958	1072
LIMD2	1834	784	1248	1237	201	1938	825	948
LINC00152	1021	1449	1568	1750	5288	1254	5647	2290
LINC01272	308	845	967	740	160	16	1218	1381
LIPA	1148	2318	1546	2039	1019	292	1432	1631
LMCD1	149	94	98	63	590	160	375	276
LMNA	4959	1686	3792	2578	41848	7418	14398	5763
LMO2	162	114	43	229	26	174	769	306
LMO4	604	552	554	975	1119	1287	4113	985
LMO7	1284	141	1190	111	5413	1577	559	419
LOXL1	1150	90	16	19	210	2379	220	236
LPCAT1	863	414	4294	937	3991	28314	6542	1948
LRP1	732	676	336	589	462	488	713	1248
LSM7	2297	1067	2434	1875	6377	3583	9077	2717
LSP1	732	1252	2335	2924	399	221	1273	1481
LSR	1624	238	1169	155	3702	2075	4161	1168
LST1	790	1151	1592	2961	550	211	2492	3383
LTB	707	446	2946	2064	307	201	852	855
LTBP1	344	49	15	13	14	362	800	205
LTBP2	49	163	20	34	515	41	113	346
LTBP4	240	136	291	91	1115	211	735	213
LTC4S	919	161	1139	743	827	155	793	247
LUM	506	2693	93	45	112	34	743	3454
LY6E	7641	3133	5622	3435	13427	70891	14358	9499
LY86	649	679	569	2245	92	167	883	860
LY9	22	53	135	149	16	10	12	28
LY96	1513	1335	2548	2388	3368	2518	1583	3036
LYN	441	564	694	1002	1257	1746	1461	1263
LYZ	7371	2909	2993	8857	2256	264	30238	7140
MAF	240	597	260	605	4785	376	655	521
MAFB	739	2561	720	2670	2867	730	1742	2912
MAL2	2554	771	4116	211	24352	31563	3156	1444
MALL	10002	58	2034	197	3901	2509	2686	949
MAOB	4	10	523	75	10	12	30	2
MARCKS	3171	1781	574	2593	4416	6922	3359	3084
MARCKSL1	12158	2034	3421	3093	9415	16077	12382	4321
MARCO	246	2521	401	753	95	6	744	1520
MCAM	36	133	23	59	213	209	587	193
MCEMP1	6	80	64	95	27	11	915	845
MDK	20949	1083	1802	1042	12872	31853	36308	8653
MEF2C	214	370	519	1029	78	113	990	694
MEG3	69	235	187	23	315	26	394	461
MET	602	243	1019	89	945	2359	1117	133
MFAP4	61	212	6	4	25	0	20	197
MFGE8	375	393	140	87	2191	156	2927	1019
MGLL	583	565	288	906	2998	8868	8636	1856
MGP	2527	4329	11097	1505	287	2843	14092	12869
MGST1	15154	5147	10913	1610	17467	60834	3803	3492
MGST2	3189	599	1025	1100	3028	1927	6228	1469
MITF	279	212	228	301	113	226	878	283
MLPH	2029	87	2209	305	4208	2140	3545	1123
MMP2	141	406	52	211	46	24	236	1128
MMP23B	32	18	14	16	36	0	53	147
MMP7	3682	7	2742	100	8757	12258	1773	465
MMRN1	3	0	4	5	6	14	48	40
MMRN2	17	10	3	3	45	11	112	29
MNDA	258	880	489	1574	93	114	1179	1231
MRC1	283	959	367	405	17	27	1569	928
MRPL14	4908	794	2993	1095	8072	5191	10413	3350
MS4A1	69	11	405	162	17	15	6	23
MS4A2	14	17	1992	336	0	2	14	0
MS4A4A	1132	2004	1027	2227	49	159	2684	3388
MS4A6A	1862	3075	1701	4969	182	515	4766	5641
MS4A7	1181	1584	520	2534	117	414	2427	2837
MSR1	281	800	316	1564	65	169	800	1655
MSRA	208	135	296	530	607	905	618	292
MT-ATP6	160270	26965	35825	55037	269178	278443	267108	105240
MT-CO2	478160	32877	58600	101887	517946	417054	390112	250366
MT-CO3	303958	42912	52690	97694	341416	377429	407271	160760
MT-CYB	237563	19062	29511	40445	228575	244421	175817	87240
MT-ND1	245071	34104	34348	47324	423137	251038	256246	75256
MT-ND2	240390	34637	42387	53290	421489	315238	246616	86593
MT-ND4	330804	28826	49249	70374	500176	274125	283891	117247
MT2A	4535	30335	32595	47411	69873	11268	17317	48042
MUC1	6422	936	9895	1414	19393	20289	21379	3107
MXRA8	130	349	28	9	7	95	431	404
MYADM	308	628	495	907	869	407	3066	743
MYH9	1209	756	932	1116	10500	3757	3978	1772
MYL9	1264	738	238	110	1045	163	2336	2348
MYLK	244	414	128	1627	305	76	281	297
MYO6	982	160	1125	164	3256	2129	1298	569
MZB1	329	655	6971	161	6	408	47	1874
NAMPT	1735	2785	2315	5533	7028	16372	6780	4503
NAPSA	604	362	38408	697	20870	4427	14403	1169
NBL1	2168	912	93	29	205	721	1267	1352
NCAM1	72	133	46	272	0	67	826	20
NCF1	302	612	923	853	426	78	797	592
NCF2	276	482	298	817	219	256	722	1070
NCOA7	2142	292	301	464	501	1234	3948	2214
NDRG1	5664	797	4249	1325	4430	25972	1209	2320
NEAT1	73308	13988	30191	27868	44058	122324	109688	42359
NFE2L2	1499	794	1179	1163	2198	2722	2894	1451
NFIB	3978	156	334	107	543	1322	803	883
NFKBIA	59579	7402	6550	21588	19913	19614	217025	17550
NFKBID	428	173	192	579	175	103	561	448
NFKBIZ	2847	980	1267	2200	1368	2719	12021	2064
NGFRAP1	17263	1269	2228	1910	8111	2213	2935	5761
NKG7	293	3673	1380	3831	603	74	325	762
NKX2-1	3409	90	2612	53	3975	2642	3376	574
NNMT	165	1178	27	1539	436	3485	2147	3636
NOSTRIN	198	22	24	0	39	269	458	94
NOTCH4	52	25	16	36	20	41	295	47
NPC2	25181	10814	112862	22281	58756	30626	19122	24558
NPDC1	2407	131	644	411	892	9076	7566	638
NR3C1	361	395	567	569	802	1055	2117	686
NR4A1	1451	445	534	1453	665	562	2442	1580
NR4A2	1930	1904	828	3670	1175	1118	3645	3024
NRN1	28	9	36	5	3267	21	96	28
NSMCE1	985	442	1616	1112	2795	2310	2092	1087
NUPR1	3798	4306	6093	7747	1271	395	13536	3604
OCIAD2	33650	618	4803	1299	28491	18401	18642	2401
ODC1	945	560	396	582	1060	1185	3243	937
OLFML3	200	709	283	845	807	310	720	426
OLIG1	188	453	51	712	221	18	13	61
OLR1	368	243	92	790	73	58	1272	901
ORAI2	815	151	501	341	1143	2063	1143	422
PALLD	85	204	60	147	916	142	946	281
PALMD	52	18	5	23	13	54	236	102
PBXIP1	444	198	799	495	826	1120	1029	334
PCAT19	10	10	2	0	19	16	273	85
PCBD1	6870	866	2305	1498	9422	9751	8883	1913
PCDH17	196	33	12	93	16	199	316	99
PCOLCE	685	917	144	81	266	737	824	1681
PDCD4	441	294	695	526	1156	495	1154	409
PDE4B	231	448	201	936	96	215	462	557
PDGFRB	81	237	17	20	7	43	612	255
PDLIM1	6650	909	1610	443	5528	863	5668	2954
PDLIM3	80	11	23	21	86	345	157	73
PDZK1IP1	2902	738	4619	496	0	7901	3150	3547
PEBP1	5748	2943	4217	5683	5620	9289	17604	3879
PECAM1	185	305	582	416	87	96	920	663
PERP	8640	596	1113	639	21388	7614	5492	1670
PHACTR1	300	548	473	1292	122	161	899	724
PHLDA2	5216	1275	1269	554	13869	11669	19937	3211
PIGR	2993	2	16640	13	1	84	44509	361
PIK3IP1	503	329	775	942	174	253	845	420
PIK3R1	195	300	309	745	630	1600	1099	410
PIM2	206	273	904	364	340	283	405	357
PKIG	2136	124	323	234	1479	454	1252	267
PLA2G16	3570	927	1436	2441	5847	7043	21623	2100
PLAC9	115	167	27	9	87	22	238	498
PLAT	80	68	600	26	107	594	782	512
PLAUR	1797	1772	1037	5082	2625	464	3651	5131
PLD3	4082	2458	5305	2418	2663	2450	4326	3718
PLEK	587	922	432	2179	167	146	1068	1372
PLIN2	864	4951	3018	3303	1454	1312	6504	6682
PLK2	256	200	487	216	557	1078	1042	254
PLPP3	159	351	271	292	251	979	533	451
PLPP5	1019	249	1056	417	1004	4600	1801	767
PLTP	4889	3847	611	3363	72	227	1578	4424
PLVAP	58	15	34	7	17	48	345	299
PMP22	522	1170	544	1334	871	154	1648	1458
PNISR	3009	770	1939	1551	3285	5893	2292	1434
PODXL	76	13	158	12	187	113	1073	135
PON2	2126	523	4994	719	4604	7417	2313	826
POSTN	50	403	8	89	20	1	181	1058
POU2AF1	59	53	282	33	6	12	17	65
POU2F2	163	151	237	666	249	114	148	337
PPDPF	23096	4237	22741	7416	44580	17634	83000	21073
PPIC	1931	258	1081	408	2499	3848	6706	1718
PPP1R14A	1022	2076	565	4285	326	162	1074	2072
PPP1R15A	3971	2052	2577	4755	4103	2010	9135	3339
PPP2R5C	1083	557	1216	1279	3892	1500	1133	978
PPT1	1587	947	1700	2619	2080	1886	1991	1827
PRCP	867	432	491	653	1395	688	777	753
PRDM2	212	217	388	381	621	1093	852	290
PRDX1	7644	6646	7535	9354	13582	33404	21818	7468
PRDX4	8078	1113	3326	1338	21213	9197	13661	3971
PRDX5	17756	2712	7844	3759	27903	18167	27638	7679
PRDX6	4265	1984	4504	2299	17884	7729	16118	5639
PRELP	150	250	59	4	6	24	317	162
PRKCDBP	155	181	96	45	7308	624	2106	846
PRKCH	291	215	258	306	2872	393	239	181
PRKX	141	81	196	747	268	339	340	194
PRNP	631	1121	1281	1459	2725	1051	1394	1185
PRPF38B	1025	577	1075	1184	2183	1621	1463	1226
PRRX1	59	103	6	98	133	167	170	177
PRSS23	1331	346	36	119	7781	715	3599	923
PSAP	9053	13259	16516	21224	18348	7387	30566	16467
PSMB9	1596	1950	2164	1572	4120	314	4613	3282
PTGDS	5744	8967	1611	13798	36	289	427	4919
PTGER4	248	312	173	927	243	66	611	304
PTGS1	85	73	281	368	18	22	245	258
PTGS2	228	142	139	908	2686	11159	1280	981
PTMA	43092	18905	43397	39130	100153	72800	121340	61409
PTMS	10910	1298	2122	1348	2007	15350	11422	2668
PTPN7	121	325	627	718	62	56	250	404
PTPRB	13	12	18	5	121	20	370	50
PTPRC	378	881	1182	1938	131	176	636	947
PTRF	136	376	509	223	1653	81	659	701
PYCARD	6744	1332	1806	2948	1240	4404	6647	3266
RAB11A	2120	733	1842	1275	4789	6680	7981	2568
RAB13	5343	1406	2234	1455	6924	8846	5491	4934
RAB25	3270	190	1860	240	8801	14202	4759	1506
RAB27B	224	27	185	28	432	429	208	99
RAB32	1517	604	530	1360	770	629	1158	1190
RAC2	723	1165	2609	2035	2020	491	1605	1267
RALB	652	262	521	421	3326	728	868	580
RAMP2	863	21	21	4	71	121	967	485
RAMP3	72	15	11	28	40	44	275	280
RARRES1	125	111	50	132	5	6052	318	867
RARRES2	149	669	66	47	284	131	273	2519
RARRES3	2341	2215	2776	1409	6174	2770	10880	1425
RASSF5	328	172	497	527	237	484	1283	258
RBP7	139	240	120	527	52	20	119	374
RDX	3421	811	813	1388	5304	2248	4088	1410
REL	1434	796	1243	1628	3128	2452	3439	1599
RENBP	171	438	604	884	78	371	906	543
RETN	102	766	338	101	294	0	1752	516
RGCC	1761	1118	969	3029	1224	1270	2963	3579
RGS1	3249	6017	2990	16709	397	1338	5830	5919
RGS10	3711	1389	1734	3660	5017	1444	5138	3296
RGS13	18	22	741	122	3	5	14	25
RGS2	1204	2561	3043	4536	843	1811	5108	4134
RGS5	300	179	115	30	140	217	3468	395
RHOB	3671	1494	956	2633	7889	6158	15353	4319
RHOBTB3	937	546	867	512	1770	13443	1102	1060
RHOC	4000	1425	1604	2125	14767	7493	5898	3594
RHOH	644	413	554	790	89	101	340	315
RNASE1	5168	2340	9709	9941	17115	1259	23356	17157
RNASE6	1242	768	837	2392	178	332	970	1679
RNF130	2475	1546	1464	2523	1303	5047	3218	2133
ROBO4	21	3	4	8	5	32	241	101
RORA	239	129	301	500	291	1156	613	156
RP1-313I6.12	228	122	218	436	1350	72	304	405
RP11-1143G9.4	655	487	264	354	105	16	1741	912
RP11-138A9.1	1016	312	781	740	858	542	1818	331
RP11-138A9.2	672	184	504	542	206	220	475	161
RP11-354E11.2	5	6	645	145	0	3	2	1
RPL11	68870	26988	49433	47243	138511	119592	154293	56232
RPL13A	82652	37261	87349	81750	209725	144644	175908	86942
RPL17	942	3239	3178	2856	1805	2085	4480	2689
RPL18	25815	14794	31327	30300	129484	51499	69666	32366
RPL18A	40751	21439	53899	42041	140729	57127	129661	63967
RPL19	68922	25225	43115	47145	208904	78682	107859	64273
RPL21	59117	26878	58952	58406	98204	44726	66295	56870
RPL22	19564	11206	21327	21028	55708	29539	28107	23056
RPL22L1	2272	1805	944	2144	6935	2518	11479	6040
RPL23A	45525	27268	49313	43530	152131	96073	105728	52388
RPL26	36690	28540	44118	44433	141784	25317	117508	49591
RPL3	48879	21498	32934	41430	133754	79674	100127	43426
RPL30	36463	21161	38851	41882	154594	122833	50955	38933
RPL31	41565	18594	36084	33896	113113	29260	73783	34760
RPL32	42112	24280	51892	55754	76703	91784	125468	61603
RPL34	47923	30167	44510	54686	100133	49541	129734	44551
RPL35A	45703	23783	28246	32125	67056	44924	83191	45159
RPL36A	3765	9209	11384	6958	22181	4289	16660	5944
RPL37	18780	33599	30832	41608	193707	36591	142171	37136
RPL39	33134	32652	52971	46754	164585	30333	98563	44566
RPL4	14863	7116	12038	14791	33768	39713	50030	16861
RPL41	73151	55270	99991	60601	128373	59088	215936	65771
RPL5	20257	12933	15896	21277	66537	38432	30316	24257
RPL8	63225	30829	40580	36518	78444	204582	69677	50289
RPL9	64605	23442	40222	42745	201458	173463	66562	44268
RPLP2	56102	28907	54208	60783	157815	83187	144599	71817
RPS10	9024	14698	17247	19218	33582	9479	55260	15962
RPS11	19799	14246	25050	31294	97548	41718	75741	30358
RPS13	67185	16458	33823	35506	94588	53824	72325	42283
RPS15A	66016	25195	60090	47658	116518	76728	102096	50376
RPS17	24612	20128	26664	41109	114659	47742	108113	45558
RPS18	90296	50976	66911	81788	397036	130508	238196	111715
RPS20	38840	17490	42576	44115	143182	145150	50256	51472
RPS21	12118	14986	24187	16579	100457	16694	110115	26786
RPS23	40616	24737	34750	59392	158715	91466	199589	52816
RPS25	49305	22476	43858	34945	124919	63381	70084	36600
RPS26	18983	4035	25568	6603	17746	9132	24464	17829
RPS27	41551	45731	106770	72213	204844	84248	153689	70104
RPS27A	91835	26510	49499	53849	191055	94763	119921	67394
RPS28	19174	24394	43319	42364	74383	27095	99200	31029
RPS29	19873	25847	35233	43338	202461	40967	38297	35009
RPS3A	61213	27013	40686	50596	165149	117547	95753	50974
RPS5	28451	12540	37918	23619	102190	57537	72188	39144
RPS6	60621	25627	41963	50616	79011	77200	111126	68476
RPS8	41596	19734	39580	38461	104005	87721	108096	43172
RPSA	11955	10112	20775	22100	59203	71172	69315	22379
RUNX3	123	440	197	550	186	59	340	206
S100A10	12537	6734	34604	17309	255738	43102	29751	35312
S100A11	16226	12151	27749	25370	158291	61785	133132	50121
S100A13	5226	1189	1937	2159	35625	4780	24514	6708
S100A14	8340	957	1618	1295	59341	455	11285	4318
S100A16	6512	777	902	1153	53267	7682	8258	5693
S100A2	1234	910	241	2475	36124	348	467	383
S100A6	82812	32954	70810	49003	1103961	69364	277760	77931
S100A8	285	4935	4645	33239	1573	2641	2636	10086
S100A9	1703	10769	6154	64618	22273	269275	6911	56693
SAMHD1	336	633	584	1085	524	160	997	2515
SAMSN1	455	1080	1623	2273	126	92	949	1349
SARAF	3604	2514	4964	4904	3479	23039	4936	3462
SAT1	32127	18062	11681	33405	93433	28666	55647	47290
SCGB1A1	25	0	0	1	0	0	1	0
SCGB3A1	811718	42	155	42	4	13	850	227
SCGB3A2	1	2	1875	1	6	5	166	1
SDC1	2649	104	2826	102	6432	5265	3927	1280
SDC4	2969	654	4894	546	6280	1597	8002	654
SDCBP	2954	2623	3553	4609	2832	7666	5300	4399
SDPR	36	89	133	47	12	402	380	264
SEC11C	12709	1415	2510	2150	2361	7061	10183	2594
SEL1L3	631	169	1871	436	692	1874	1437	238
SELENBP1	2534	71	3435	41	476	1420	1488	264
SELK	4566	1536	2383	3023	5776	6160	7610	3963
SELM	8166	980	1986	738	3088	2128	11190	4060
SELP	2	0	6	4	11	0	7	25
SEPP1	6519	3892	3090	9838	1114	6499	8332	4874
SEPT1	1135	310	929	427	161	427	459	190
SEPT2	1972	822	1769	1188	5566	3935	3394	1943
SEPW1	6306	1852	10363	4160	10262	14395	24399	4630
SERPINA1	1664	1165	644	13126	13482	1939	1204	2373
SERPINB6	2802	903	1170	1452	3731	1398	4730	1758
SERPINF1	424	834	261	1229	261	125	8646	2736
SERPING1	496	1240	198	317	199	366	886	1272
SERPINH1	1982	777	1650	377	1668	2252	3674	2196
SFN	805	205	1786	169	14209	1071	6760	774
SFRP2	5	118	74	10	287	14	13	803
SFRP4	153	250	55	17	2	32	246	1971
SFTA1P	7	142	2751	22	386	743	87	290
SFTA2	7673	5	20640	1701	44803	9931	5780	816
SFTA3	1324	69	7334	50	2817	4268	2886	493
SFTPA1	0	230	84228	0	168	6	3894	39
SFTPA2	10	120	78688	1	660	54	5089	41
SFTPB	41	3476	28241	32	1	14825	25584	2060
SFTPC	3	6	914297	6	0	0	0	222
SFTPD	40	5	4096	5	149	26	23	29
SGK1	1084	1658	823	4065	1910	733	2583	2613
SH3BP5	252	376	462	593	402	1980	603	542
SKAP1	1010	206	354	275	578	81	1636	86
SLA	154	617	588	987	55	78	557	1083
SLC11A1	308	623	344	1229	268	183	777	1810
SLC18A2	3	4	790	111	0	2	1	4
SLC22A31	541	72	2150	0	1161	558	2366	243
SLC34A2	43	4	14142	660	113	11146	4718	1422
SLC38A1	1062	221	508	342	691	2320	2967	529
SLC45A3	54	41	201	155	35	43	150	56
SLC7A7	415	711	367	1160	107	110	1034	1099
SLC9A3R2	8083	134	779	118	3429	3449	3892	1022
SLCO2A1	461	19	415	9	935	267	175	215
SLPI	45531	1054	16559	2933	1144	13167	6146	1573
SMAP2	757	431	388	898	336	1651	3435	792
SMARCB1	1329	451	658	675	2676	2851	1574	945
SMDT1	5248	1111	3002	2878	7647	8740	9686	2944
SMIM14	3307	458	2393	809	3980	8391	1971	1167
SMIM22	8853	306	4190	471	7428	6774	20202	2368
SMYD3	533	92	452	193	1044	329	2830	887
SNCG	2734	220	7	2	4835	14	381	512
SNX10	408	856	670	1496	594	252	996	1017
SOCS1	398	239	521	682	372	332	672	461
SOCS3	1843	2060	1728	3580	1439	4601	6312	2830
SOD2	3447	4807	1846	8177	2473	3099	6068	8144
SOD3	44824	274	409	12	1528	20	1029	1099
SOX18	14	5	3	6	14	16	221	148
SOX4	6736	556	1481	1937	32568	11286	13746	5741
SPARC	1516	3224	539	958	101	958	11094	10209
SPARCL1	1046	674	75	116	59	392	3732	1622
SPI1	615	1303	1205	2773	176	202	2206	2912
SPINT1	3185	237	1074	456	7105	6901	3136	1951
SPINT2	14715	1244	13688	1976	28023	15312	18795	11914
SPOCK2	122	179	370	404	52	57	202	198
SPON2	136	206	130	390	2120	1471	1745	370
SPP1	15384	57677	18005	181856	3900	7465	5718	84900
SPTBN1	1768	248	1046	315	3774	2352	4207	675
SRGN	5463	10246	10288	18687	1069	1032	15972	19976
SRSF2	3843	1837	2748	3275	5807	5032	4766	3272
SRSF5	3540	2073	3089	4338	10638	8171	4094	2885
SRSF7	3360	1719	2018	3165	6311	4081	6724	2616
SSPN	289	323	73	103	290	48	107	139
SSR4	20555	3684	28515	6107	52858	21527	99645	13559
STAT4	64	68	81	192	132	12	72	101
STEAP4	462	33	854	296	234	406	366	559
STK17A	1821	672	1220	964	2024	711	1827	656
STK17B	456	429	793	1229	797	1845	1091	658
STK4	686	393	835	957	840	874	748	995
STMN1	2994	1547	1540	4817	4072	3771	6934	5806
STOM	1644	787	1189	1195	1512	496	3239	1630
STX11	216	323	231	587	117	81	493	409
STX3	1344	156	645	347	1088	923	1536	404
STXBP6	46	87	102	196	0	53	9	28
SVOPL	45	0	280	31	36	36	1	1
SYAP1	3003	404	770	958	4476	2577	3180	1166
SYNE2	280	226	329	357	5834	2013	798	360
TACSTD2	5514	1106	3003	45	5993	10140	4516	2923
TAF1D	2444	1089	1149	1247	7767	2520	6343	1513
TAGAP	163	417	203	676	80	56	484	235
TAGLN	898	1296	232	260	1012	478	5606	3804
TBC1D10C	142	384	553	579	52	40	143	161
TCEA1	2340	604	2063	1130	4236	10559	4058	1260
TCF21	0	0	0	0	0	0	2	0
TCF4	301	414	203	675	36	808	1106	647
TCF7	149	100	254	309	202	93	157	127
TERF2IP	978	690	1530	1167	2806	2395	2277	992
TESC	1290	98	904	182	760	2223	7010	264
TFPI	735	2449	2913	293	3227	2292	1437	644
TFPI2	7	60	51	4	509	232	1483	524
TGFBI	677	1812	702	3481	2342	2407	1745	5854
TGFBR2	295	364	2336	363	297	1312	854	649
TGM2	2058	630	677	97	1568	232	2027	3372
THBS2	68	148	19	53	8	14	88	760
THY1	247	254	26	22	3	249	2105	1011
TIE1	21	5	52	14	9	15	166	46
TIGIT	101	311	356	219	45	15	86	77
TIMP1	24883	10059	9177	5650	50650	9216	20034	124300
TIMP2	592	883	490	1704	1115	1766	1385	1920
TIMP3	257	529	284	27	322	19161	1901	495
TINAGL1	214	115	149	13	2747	25	1412	625
TIPARP	329	241	271	474	427	668	966	399
TM4SF1	443	673	1598	279	15483	1839	3089	2657
TM4SF18	28	19	1185	0	1875	55	341	113
TMC5	1590	187	812	367	195	10047	15451	1297
TMEM100	9	10	20	1	17	0	22	95
TMEM176A	185	505	316	893	53	40066	6231	156
TMEM176B	393	1079	688	1219	140	37980	7308	1290
TMEM233	91	2	128	14	1	17	2685	7
TMEM243	2329	369	2756	609	1236	2341	1946	747
TNFAIP3	1411	1896	570	4381	724	237	2232	2978
TNFRSF12A	7427	481	1865	795	14389	5086	2557	1465
TNFRSF13B	13	13	85	15	1	4	11	12
TNFRSF13C	19	7	74	70	6	6	9	7
TNFRSF1B	200	424	360	821	123	72	484	583
TNFSF10	1383	657	879	501	506	962	2258	1554
TNFSF13B	354	540	301	1133	164	107	792	1404
TPD52	2920	309	1897	627	3658	4824	1980	601
TPM1	6136	649	1644	354	4319	7343	12866	2156
TPM2	3582	727	140	74	72	371	2052	2017
TPSAB1	110	160	26655	5842	0	17	60	2
TPSB2	205	232	52965	9215	2	19	178	2
TRAC	680	1619	3174	2674	279	183	395	820
TRAF3IP3	126	232	675	697	37	59	156	178
TRBC1	266	1611	2261	1383	125	93	202	291
TRBC2	305	893	1697	1213	113	76	225	321
TRDC	30	91	69	242	40	23	11	24
TREM1	240	257	181	541	5069	1771	534	1684
TREM2	1522	1240	777	4266	134	511	2313	3381
TSC22D1	4409	1005	1148	1164	1694	3454	4151	1375
TSC22D3	2812	2618	3429	6714	3894	1431	5970	2995
TSPAN13	3911	166	5092	671	2354	22960	3782	3031
TSPAN7	100	68	52	115	123	34	279	39
TSPO	6837	2841	3877	5151	7758	10759	22214	7098
TUBA1A	4564	4081	1918	10008	1914	6577	5659	2521
TUBA1B	11714	5690	7860	12860	13635	13795	17002	13310
TUBA4A	1154	529	1807	849	11095	2267	1250	497
TWISTNB	472	311	466	493	1403	2524	1399	1566
TXNDC17	8677	1451	8656	1683	33586	9824	17860	6897
TYMP	2431	3674	2980	4638	3962	3938	10351	9537
TYROBP	6817	9938	9157	22305	1640	1495	16657	25693
UACA	228	352	17	85	254	1608	1378	261
UBE2J1	1429	509	995	762	1340	1543	1984	1263
UCP2	1820	1140	1349	1988	1968	955	7076	2581
UPK3B	3	0	1	0	149	20	1	2
VAMP2	2620	1002	1806	2128	2247	1212	3927	1659
VAMP5	2991	1751	1105	994	7273	592	2856	3080
VAPA	3428	1721	3394	3061	6499	8934	9273	4612
VCAN	661	791	1287	721	216	397	3828	3138
VIM	17095	21824	10196	35303	8375	9473	48893	39975
VPREB3	31	12	276	185	6	30	4	76
VSIG4	1686	6437	960	5265	60	324	3571	4505
VWA1	1656	300	680	387	4404	2482	2602	606
VWA5A	106	194	1612	365	66	259	577	92
VWF	146	96	49	6	77	126	1502	570
WARS	296	553	512	299	13998	458	1234	1013
WDR74	551	312	393	458	1473	1114	1048	504
WFDC2	49326	7	9226	134	13025	22030	89000	3804
WIPF1	486	661	534	1156	367	124	550	901
WSB1	4814	1411	5359	2256	28251	5537	5207	2994
WWTR1	346	171	241	136	979	1360	1913	410
XBP1	4917	1662	6484	2321	3545	21803	9732	3655
XCL1	7	93	65	110	53	2	35	20
YBX3	1486	1288	965	1301	3036	5234	9038	2790
YPEL5	3509	824	1651	2200	2498	1041	3779	1265
YWHAH	2157	1088	997	3470	1994	3505	7043	2773
ZFP36	6162	5904	4501	13269	2679	5423	20734	7918
ZFP36L1	6417	3020	5427	5250	49058	31679	12439	5446
ZFP36L2	5416	3436	2599	6555	3574	3375	9346	3127
ZNF331	709	856	584	1987	464	417	1638	1662