	Myeloid.cells	T.NK.cells	B.lymphocytes	Fibroblasts	Endothelial.cells	MAST.cells	Epithelial.cells
A2M	1.158844984	0.030736792	0.055434245	17.7955335	6.33703907	0.038737054	0.193868564
AAK1	0.431779184	0.375590726	0.045582288	0.259155026	0.397143297	0.088544269	0.432232459
ABCC3	0.261489415	0.008080308	0.014350231	0.079851397	0.022864645	0.004473686	1.622855072
AC016831.7	0.133720047	0.335091292	0.27123671	0.060137027	0.039522387	0.073457797	0.051118353
AC020571.3	0.011076878	0.03146137	0.002085389	0.02053604	0.003857347	0.46465853	0.008095313
ACAP1	0.20815839	0.929764265	0.716359294	0.072757081	0.035370718	0.133973186	0.101259103
ACE	0.258777056	0.003958705	0.005357799	0.021095374	1.262312135	0.011585007	0.040923022
ACKR1	0.010000285	0.002592333	0.002836032	0.027718459	8.203565203	0.001093789	0.011578778
ACOT7	0.556781211	0.050196016	0.019862055	0.107231648	0.107362767	0.456925415	0.1626025
ACP5	7.059580885	0.16500482	0.330604701	0.502886192	0.113063046	0.279258981	0.698649903
ACSL4	0.235161117	0.031393295	0.031937289	0.10449159	0.184989024	0.683310375	0.601925956
ACTA2	0.064568165	0.050659465	0.025746035	8.469821935	0.045094486	0.012829035	0.072976514
ACVRL1	0.190618372	0.001103209	0.001245092	0.197653166	1.418923906	0.003263193	0.009632976
ADAM28	0.241963874	0.00768072	0.504118057	0.013357524	0.017057994	0.018855176	0.112153335
ADGRF5	0.015312938	0.007529544	0.010890287	0.145366459	0.964528065	0.007588508	1.992214557
ADGRL4	0.002020595	0.000912156	0.001405721	0.009982121	1.720547143	0.000323428	0.00141696
ADH1B	0.011351342	0.004121958	0.006860384	3.888474444	0.010756686	0.00491456	0.003196119
ADIRF	0.049386874	0.013170286	0.021820722	3.046957911	3.387196407	0.015884614	1.992134861
ADRB2	0.103454469	0.048773053	0.026295424	0.020487022	0.090617398	0.523877715	0.381580781
AEBP1	0.017223354	0.005282467	0.012230292	5.202376791	0.265354801	0.033690076	0.035832011
AGER	0.021588384	0.006635815	0.008962997	0.031715878	0.021461745	0.009021051	1.174048551
AGR2	0.108058892	0.053106985	0.088293229	0.101590994	0.10348889	0.048882878	7.794191662
AGR3	0.090216035	0.043071585	0.058610139	0.084088708	0.03737626	0.030814178	6.999397958
AHR	0.557201388	0.081170448	0.040794013	0.46413047	0.702827992	0.499258066	2.141198968
AIF1	11.26450201	0.083086363	0.093842044	0.12408287	0.13540906	0.118160333	0.301587006
AK1	0.103573408	0.040137459	0.03338078	0.899034447	0.728301708	0.019198743	3.558595274
AKNA	0.179925662	0.343108461	0.164256244	0.08676137	0.051437541	0.152165024	0.161728322
AL928768.3	0.017878345	0.006401985	1.265022807	0.011256113	0.007561474	0.003971213	0.072191093
ALDH1A1	0.904047848	0.007612663	0.012121501	0.94259597	0.391080739	0.510203457	0.381557027
ALDH2	4.279906103	0.02650859	0.109241114	1.411675477	0.937258442	0.091670655	2.145338928
ALG13	0.336708646	0.208161937	0.368929843	0.163901712	0.253477664	0.506216748	0.359873846
ALOX5	1.529845566	0.008791037	0.108044483	0.020206703	0.009743123	0.630255997	0.082445334
ALOX5AP	8.397716334	1.185791577	0.388462415	0.166161239	0.136121189	2.849052945	0.346189073
ANAPC11	1.7628976	0.380491443	0.523527746	1.683920563	1.142194671	0.435356217	4.920042168
ANKRD12	0.922095138	0.812463795	0.827839029	0.718338271	0.881175236	0.356368877	1.007252947
ANKRD28	0.517040127	0.167756445	0.608983985	0.178016975	0.413871472	0.974748008	0.616154481
ANKRD44	0.293195205	0.241511606	0.372725061	0.070953263	0.086686551	0.130047517	0.215604673
ANXA1	6.253907268	2.347169538	0.217893363	3.196780738	2.193355001	9.132076751	6.358020148
ANXA2	12.06153531	0.645457285	0.644420474	5.124578088	6.007052192	0.192986371	9.405899643
ANXA5	4.803673405	0.395226896	0.322875957	3.196962485	1.735064445	0.366527318	1.562991931
AP1S2	1.880429922	0.14290279	0.185522951	0.256197309	0.798960732	0.781747259	0.278458526
AP2S1	5.021709408	0.321553764	0.36830548	1.607753774	2.063003882	0.397880821	1.933694399
APLP2	2.495756462	0.124335834	0.146222302	1.470186385	1.463160353	0.198385642	6.360935296
APOBEC3G	0.237369921	0.592549337	0.24000052	0.144054736	0.09239686	0.0585946	0.072685029
APOC1	50.73486414	0.275373304	0.434099106	0.844839699	0.850605961	1.564505595	1.337118161
APOD	0.01057061	0.004242972	0.009914975	1.769339334	0.564723852	0.003580299	0.451902395
APOE	58.72356487	0.298929521	0.472711809	7.710553413	1.278837466	2.011191258	1.796091846
APP	0.385855728	0.036238556	0.077988254	1.523715969	4.426151943	0.00834031	1.600977151
AQP1	0.027121364	0.007195789	0.011122927	0.243080203	6.263901409	0.006373594	1.955087997
AQP3	0.576255985	0.248944326	0.178520221	0.243338673	0.062086157	0.11619302	5.454487433
AQP5	0.012617951	0.007700085	0.012024356	0.022981048	0.002681058	0.001845004	1.625596131
AREG	1.499612407	0.261683782	0.445035784	0.297450747	0.178621219	1.494089971	6.944571381
ARHGAP18	1.398476581	0.081509759	0.055678407	0.179593808	1.290702481	0.646461137	0.256751735
ARHGAP29	0.005916881	0.001067493	0.000628307	0.319822877	2.451414457	0.048059714	0.48514192
ARHGDIB	5.574010913	3.365842021	2.021964238	1.086341313	2.592200601	3.32256366	2.767851232
ARHGEF1	0.239465767	0.352764816	0.198871817	0.135055622	0.346487674	0.082164071	0.498471226
ARHGEF6	0.16181414	0.068162439	0.039330875	0.049427657	0.060797552	0.368205426	0.032699379
ARID4B	0.563194691	0.60892474	0.424253437	0.700842169	0.872702143	0.380722956	1.221361648
ARID5B	0.378618372	0.591186514	0.714382545	1.450673975	0.508319046	0.073442912	0.698852694
ARL4C	1.534448099	0.728850666	0.1709814	0.305801672	0.202244624	0.110546045	0.529814839
ASAH1	5.067452265	0.119552275	0.310068535	0.9034463	0.506061657	1.566433554	3.216892888
ASPH	0.312280318	0.024102929	0.056019827	0.570281925	0.366055295	0.017997563	2.057031377
ASPN	0.003700223	0.00140088	0.002561228	2.311069999	0.000648939	0	0.007742871
ATF3	1.208458179	0.07404252	0.178523117	2.032634686	0.651723123	0.214443067	2.713533733
ATP1B1	0.784182686	0.069530215	0.069148767	0.341363132	0.103519908	0.206629702	6.401318201
ATP6V0B	4.615123262	0.308013761	0.696421077	1.165611267	0.864024062	0.774409287	2.234291545
ATP6V1F	6.294386322	0.450244828	0.708543585	1.196316761	1.303817446	1.58541058	3.063923059
B2M	137.5028701	61.8716481	57.15919248	55.04052995	88.03461303	47.46843667	44.46893753
BACE2	0.050377546	0.002438438	0.033168336	0.30395631	0.653980883	0.533770514	0.581140603
BANK1	0.053668222	0.003511833	0.782978301	0.014567231	0.006252774	0.003333881	0.061778665
BCAM	0.023027473	0.011789879	0.007161743	0.219730158	2.329690152	0.017120065	2.33436504
BCL2A1	3.387051028	0.109381267	0.499305868	0.0365045	0.048210157	0.901635785	0.120407834
BEX4	0.595361762	0.070994521	0.073800355	0.419890335	0.313680099	0.590110128	0.542408582
BGN	0.035896852	0.011717319	0.01793861	16.66387491	1.58814971	0.017641929	0.053118625
BHLHE40	1.079084598	0.239161498	0.131997099	0.521238877	1.240596668	1.030767527	1.116265872
BIN2	0.383679277	0.364862642	0.172279193	0.021136402	0.014113508	0.181720622	0.034715066
BIRC3	1.242191295	1.06929127	1.151313669	0.483890112	0.505602473	2.490824377	1.088144463
BRI3	4.807823328	0.108635042	0.142028346	1.118709993	1.545674356	0.098281582	5.728913124
BST2	2.118258007	0.428404789	0.616929293	1.189646659	3.611397903	1.097344371	1.952585375
BTG1	8.733699834	10.05468769	8.64346618	3.608081731	5.223449492	2.592691892	4.547581454
BTG2	0.91505023	0.758374541	1.53047815	1.55953919	0.821112502	1.532018468	1.656365338
BTK	0.399185936	0.003907234	0.184762729	0.007723535	0.00800355	0.592253414	0.017093772
C10orf10	0.019810277	0.003903205	0.017218633	1.755338632	0.927547331	0.004183809	0.316724699
C11orf96	0.058340781	0.011686818	0.016538446	3.609887413	0.522979106	0.011817304	1.984497794
C12orf75	0.246730249	0.483465148	0.213326035	0.311171371	0.085350083	0.029463989	0.302229304
C15orf48	4.430045969	0.053346089	0.089451135	0.156531239	0.169827026	0.082558716	4.014727524
C16orf89	0.028399107	0.010988326	0.025847026	0.321346032	0.011955054	0.016070042	3.952557945
C19orf33	0.068002877	0.031056093	0.034435937	0.132548646	0.105186223	0.028475757	4.063688538
C1QA	31.98394876	0.142735292	0.227228462	0.373903029	0.43311414	0.172354147	0.757649315
C1QB	30.01462128	0.123765269	0.187957615	0.247442971	0.369238197	0.137761105	0.677478923
C1QC	14.59478456	0.048211152	0.067524938	0.111370893	0.167970484	0.062909608	0.250403907
C1R	0.026078798	0.008331083	0.018476857	9.788410503	0.325000446	0.013154737	0.588468996
C1S	0.058413575	0.012386221	0.021019429	10.24144114	0.096984481	0.005231647	0.479215319
C1orf162	3.98741796	0.152827825	0.1204294	0.043558685	0.057249688	0.565655915	0.100022719
C1orf186	0.019487198	0.001467052	0.063516129	0.002795182	0.014136912	2.242636124	0.041787044
C3	0.34599739	0.021798978	0.036663737	5.095934055	0.025605478	0.01474001	2.956431952
C4BPA	0.02855138	0.010862749	0.018685836	0.016016003	0.023913636	0.008482159	3.103704716
C5AR1	1.22374449	0.005063493	0.006212463	0.024407412	0.018705818	0.010045958	0.04005449
C7	0.014749529	0.00541024	0.01145527	4.33785201	0.946386945	0.007297059	0.017822164
C8orf4	0.078540391	0.028413197	0.041163501	1.581294867	2.158660766	0.030062635	5.745553126
C9orf142	0.5032408	0.462810621	0.229738804	0.476681757	0.567663781	0.138086753	0.678834048
CALB2	0.003910612	0.000428023	0.000736797	0.277758461	0.000627106	0.52091806	0.01543743
CALCRL	0.012334805	0.000392592	0.0013571	0.014746432	2.101875151	0.000845552	0.005217884
CALD1	0.032328532	0.008217749	0.012732858	11.28157167	3.039367065	0.015996991	0.332046932
CAPG	8.242601915	0.331121648	0.427136814	0.343206928	0.217001296	3.021097946	1.188588863
CAV1	0.018836241	0.013321936	0.065661183	2.105238461	6.642227333	0.005492879	1.200216695
CAV2	0.011260811	0.004538428	0.015460291	0.630780686	1.431881027	0.009376219	1.165261672
CCDC50	0.503208052	0.076694296	0.501324362	0.452770203	0.996493239	0.037833087	0.212332162
CCDC80	0.024304821	0.010749041	0.01098515	7.353851342	0.189777238	0.007505987	0.272177589
CCDC85B	0.96531976	0.462147925	0.382930208	1.756326454	4.653313959	0.503358428	0.8084102
CCL18	33.69497079	0.208504665	0.304668746	0.433497119	0.66449933	0.366708986	0.901996431
CCL2	7.80636104	0.042461946	0.060335029	6.593127065	5.261981481	0.364458126	0.719128024
CCL20	3.519249162	0.192004116	0.046181593	0.053954805	0.034228284	0.02750726	0.732940059
CCL21	0.032458085	0.006260595	0.010887713	0.7981008	23.93645542	0.008791809	0.021444243
CCL3	16.30026782	0.428209604	0.41645454	0.260643878	0.144725441	0.092065236	0.352081575
CCL3L3	10.11104875	0.255863334	0.078368553	0.166208368	0.082247153	0.056446334	0.233826302
CCL4	9.982739241	2.898430142	0.399646173	0.227795273	0.204917671	0.285501678	0.530028926
CCL4L2	9.754109307	1.05327269	0.134946539	0.18764672	0.108193889	0.156277816	0.412932105
CCL5	0.715353132	6.478943318	0.38925131	0.249197699	0.193425107	0.129567785	0.307774516
CCND1	0.208320819	0.028807372	0.057782859	0.427884797	1.062367796	0.081121386	4.433401449
CCR7	0.47685854	0.34120086	0.688339802	0.020290034	0.011584928	0.027685225	0.035332794
CD14	4.377208263	0.017608272	0.023812234	0.206988097	0.226344539	0.043003782	0.078223906
CD163	1.658738885	0.008547802	0.009621607	0.005347753	0.017010754	0.015618097	0.030132796
CD1C	0.564092729	0.002984937	0.136233194	0.005646604	0.010973682	0.006294009	0.016530077
CD2	0.221717255	2.192681425	0.076521281	0.066052312	0.110413126	0.034922201	0.088521177
CD207	0.160430891	0.000474057	0.00092803	0.001921858	0	0.001141558	0.007204669
CD24	0.070831318	0.024698621	0.51680021	0.10229537	0.02431813	0.029233493	6.617058592
CD247	0.04453252	0.551477131	0.021707997	0.015904301	0.011595229	0.017891925	0.040383728
CD27	0.05737911	0.573500667	1.127436294	0.050246171	0.025255326	0.019040587	0.050872808
CD34	0.004152945	0.001180147	0.001194734	0.216654468	2.078221166	0.0007679	0.0033412
CD37	3.028395931	1.191064567	3.865242742	0.130883065	0.099430791	1.918481254	0.221021875
CD3D	0.267930997	3.185768623	0.110642785	0.112732799	0.059948318	0.054614577	0.17311295
CD3E	0.135827421	1.716223311	0.067941937	0.072925234	0.022569069	0.022477748	0.097647624
CD3G	0.074013644	0.896868949	0.033436518	0.024681553	0.0131255	0.01321691	0.03435242
CD44	4.696472344	1.300076461	1.099050538	1.340389167	0.118438895	2.649623297	2.603602918
CD48	1.172477341	1.288512346	1.960055497	0.074921421	0.145012646	0.531980774	0.129057043
CD52	8.10555205	5.089870025	4.306783079	0.321196423	0.324340223	2.811006677	0.580166561
CD55	0.901775987	0.229522708	0.783902703	0.452140558	0.647558344	0.316408995	5.001199575
CD59	2.362943478	0.186496625	0.435322136	3.22812338	5.380612777	0.554619159	3.951774066
CD6	0.075562063	0.451556583	0.044362547	0.019451632	0.01312919	0.009707178	0.041178569
CD63	15.80698253	0.840917221	1.407109824	17.19784717	6.375328881	8.451245443	16.93811092
CD68	11.45808306	0.046540724	0.128021066	0.346098382	0.158877395	0.439786061	0.249974843
CD69	0.505513429	1.555283972	1.731574571	0.090157972	0.058770601	6.288961229	0.206466055
CD7	0.119042754	1.529238318	0.069574393	0.055883124	0.041899218	0.065338548	0.330656028
CD74	111.8883865	3.439246356	26.76615948	3.443647547	19.67231163	1.560475208	32.32443723
CD79A	0.065866222	0.042337926	5.862809349	0.055895351	0.058542458	0.021305581	0.1017085
CD79B	0.039282784	0.11378729	1.189719017	0.023236547	0.225902716	0.088639296	0.020669056
CD82	0.34662889	0.261802809	0.389945199	1.198335564	0.243144485	0.920514252	0.597217251
CD83	4.129106895	0.156203794	2.470123076	0.219210175	0.216981893	1.2796931	0.553786882
CD8A	0.042424447	0.634460261	0.024692653	0.029514582	0.01975228	0.012408608	0.018650265
CD9	3.988088725	0.124031202	0.198504423	2.157174869	2.182252955	3.484266342	7.958196414
CD93	0.298667067	0.001822434	0.002845828	0.006865659	3.176457712	0.005264023	0.019075144
CD96	0.037214938	0.370078901	0.047101178	0.021388792	0.013829174	0.007456091	0.053994779
CD99	2.124188676	1.234786008	0.739104597	4.73878497	4.304186266	0.831976805	1.39997416
CDC42EP3	0.331131443	0.131844915	0.118578025	0.191019314	0.537190732	0.529083389	0.68998116
CDC42SE2	0.477504329	0.585016966	0.409522089	0.12541544	0.309884757	0.197072276	0.611048221
CDH1	0.027412453	0.006770486	0.01422322	0.017878096	0.001276045	0.003925431	1.647182792
CDH11	0.004678803	0.000664616	0.002044442	1.739734687	0.144416568	0.001141558	0.029862775
CDH5	0.002523977	0.00037479	0.001264835	0.006820963	1.45627044	0.0007679	0.005300881
CDKN2A	0.096835863	0.077345955	0.089315586	0.056080281	0.098155571	0.077572841	2.510613469
CEACAM5	0.010942989	0.007287607	0.007038997	0.028992688	0.000627106	0.006354966	1.298075167
CEACAM6	0.076609328	0.039811995	0.054581701	0.096929062	0.050537291	0.033869755	9.016976542
CEBPB	3.667719445	0.215051946	0.209623479	2.145978323	0.500294398	0.258958832	2.074996904
CEBPD	1.333282693	0.08397533	0.050816039	2.819662824	1.546811645	0.017617947	4.807502437
CFD	4.160144998	0.039108565	0.062107257	12.31726096	0.058613601	0.067975717	0.444854696
CFH	0.034978627	0.011814316	0.00634038	2.658150055	0.092548484	0.003005707	0.337547017
CHI3L1	0.437383924	0.013726963	0.015586783	0.592889091	0.015029609	0.008513222	1.715387381
CKB	0.634967103	0.015101466	0.052942357	0.64085945	0.074761846	0.023471745	2.165350244
CKLF	2.077592194	0.779227857	0.259167695	0.371599985	0.565285682	1.464045859	1.102455006
CLDN3	0.056888971	0.024232772	0.045360984	0.051559241	0.027454861	0.015088469	4.134132303
CLDN4	0.101929311	0.046324668	0.065505777	0.106393702	0.146793402	0.037001017	6.896860838
CLDN5	0.012892674	0.005013762	0.005005066	0.005866448	10.88313737	0.002350654	0.026864164
CLDN7	0.210714887	0.018480726	0.015346129	0.021388158	0.068462027	0.013455202	2.320887559
CLEC10A	0.866081008	0.00363973	0.002254282	0.016162025	0.027231207	0.009664085	0.011759034
CLEC11A	0.235108893	0.012274868	0.00987269	1.9389973	0.021877779	0.016423317	0.093325897
CLEC14A	0.005641915	0.001128793	0.001736508	0.030418242	5.214150443	0.000634164	0.007764124
CLEC2B	1.466586258	0.729336803	0.274276781	0.666869955	2.0289288	0.228506466	0.236986345
CLEC2D	0.12597354	0.730003045	0.27843533	0.08101029	0.053178719	0.034997514	0.149158224
CLEC7A	1.483729214	0.01613763	0.011282146	0.026477885	0.042679621	0.009589677	0.114453445
CLEC9A	0.076503643	0.000117287	6.85E-05	0.001153498	0.000627106	0	0.00366579
CLIC1	6.274294949	1.687274311	1.619243067	2.428452184	3.30976698	3.554819304	4.888887879
CLU	0.065620241	0.060553639	0.045217823	5.526133795	3.878909256	3.518247896	3.608545937
CMC1	0.448383108	0.354336188	0.100974229	0.219810288	0.29748062	0.133423941	0.603192004
CMTM6	1.589593906	0.247182918	0.599400882	0.466911613	0.555692982	0.49678101	0.776435219
CNIH1	0.692548355	0.238671358	0.205081305	0.767988808	0.531995161	0.643112727	0.901012911
CNN1	0.000834141	0.00030974	0.000259065	0.322089174	0	0.003224437	0.000745786
CNN3	0.02572152	0.012798867	0.038246324	2.490836783	1.807145177	0.012017915	1.394610188
CNOT6L	0.198527459	0.448139759	0.158654837	0.157188905	0.263059836	0.0538533	0.23994741
CNRIP1	0.112580068	0.00097733	0.001633291	0.404484201	0.364886753	0.55635023	0.007939042
COL13A1	0.006200194	0.001763548	0.000315627	0.162666386	0.024172561	0.073306406	0.04082988
COL14A1	0.003388584	0.000825646	0.002051394	0.924921538	0.001297877	0.0007679	0.009475017
COL1A1	0.061166689	0.02577666	0.041441433	44.34682115	0.017084216	0.025546997	2.058794362
COL1A2	0.047068497	0.015423406	0.024010861	34.67615797	0.021682499	0.014357721	0.11843528
COL3A1	0.038903478	0.013911926	0.020280356	29.34043708	0.058611671	0.015421225	0.080952092
COL4A1	0.006230304	0.002212179	0.002738823	1.777657118	4.89076359	0.000802794	0.014329774
COL4A2	0.012862941	0.001804296	0.002485963	1.609601985	3.226522949	0.002188047	0.041317264
COL5A1	0.007506974	0.003111838	0.002306739	2.293204621	0.041515287	0.002308621	0.067282142
COL5A2	0.005216954	0.002817606	0.004489837	2.101058731	0.113461737	0.002615365	0.011559472
COL6A1	0.081979058	0.006043682	0.01311277	5.005333702	0.177457981	0.004978554	0.399935385
COL6A2	0.085677451	0.013513024	0.021603653	8.714890184	0.53673683	0.01197146	0.511195148
COL6A3	0.013652316	0.012426475	0.006744945	7.377537458	0.014372067	0.006118103	0.027825991
COL8A1	0.005718725	0.003099109	0.002423924	2.313253774	0.046006816	0.005626283	0.190657572
CORO1A	1.861273109	2.592824453	1.993179554	0.127953307	0.103081834	0.30648187	0.275949316
CPA3	0.046794025	0.005945925	0.014212383	0.020709449	0.019147295	10.90184474	0.067765825
CPM	0.7732103	0.020086013	0.018888977	0.022095747	0.090789626	0.624658395	2.356602762
CPVL	1.54138704	0.005053419	0.016734869	0.154811571	0.082332087	0.008013449	0.050930166
CRABP2	0.047084307	0.01757752	0.028606021	0.429486262	0.013513109	0.012934225	1.851533202
CRBN	0.227456508	0.155304907	0.098956521	0.352272979	0.747480602	0.458775535	0.252325765
CREG1	2.356598397	0.036275201	0.068052358	0.766420653	0.278134481	0.165384551	0.616760915
CREM	2.098503018	3.004429392	1.007279009	0.441196972	0.604429226	2.245156342	0.522328242
CRIP2	0.080180782	0.045673727	0.03753541	1.519677516	4.258427046	0.016148335	2.566524005
CRISPLD2	0.013762862	0.004383251	0.002987236	1.32541816	0.000648939	0.006356815	0.023782067
CSF1	0.113412373	0.039035353	0.009128057	0.238003754	0.132604642	0.477268788	0.177314295
CSRP1	0.470511672	0.074930905	0.072010519	1.995930566	1.083012527	0.099072017	0.718802694
CST3	32.86963209	0.201285124	0.409671099	12.97812694	3.956754965	2.668745462	11.6374395
CST6	0.149616775	0.014265949	0.03117031	0.0559757	0.014732638	0.048315942	3.52065433
CST7	0.601374366	1.324083178	0.04985596	0.078180568	0.046515762	0.707945933	0.143416616
CSTA	2.7428229	0.011203468	0.014111057	0.400846367	0.110340995	0.009399275	0.082150332
CSTB	20.0532814	0.684136967	0.686637543	1.811818313	2.306419884	1.341346318	16.83773487
CTD-3252C9.4	0.228468246	0.143683695	0.205701142	0.194559885	0.284638327	0.590791548	0.267908554
CTGF	0.024182606	0.009813463	0.014521976	5.272521953	2.022113685	0.00387727	0.970643865
CTHRC1	0.013403959	0.006424414	0.047301028	5.676513191	0.408776555	0.006550259	0.224560801
CTNNAL1	0.041394585	0.020324873	0.026174987	0.306099821	3.512786724	0.007086068	0.198330822
CTNNBL1	0.314497237	0.090427313	0.118985395	0.237087638	0.215475209	0.544261541	0.209502946
CTSB	18.49708905	0.238523058	0.25975521	2.119654836	1.12582198	0.478607749	2.652273379
CTSC	7.234038204	0.624760454	0.206305141	2.510057109	0.330459428	0.382714067	1.908252477
CTSD	30.49771394	0.632220197	0.583217998	1.874991936	1.384129145	3.130193397	9.650438552
CTSG	0.018665617	0.002301739	0.004336577	0.012074132	0.003809992	2.967208321	0.019376781
CTSH	3.423809466	0.117945653	0.855341318	0.564707741	0.3791076	0.056574165	7.208716411
CTSK	0.692444237	0.006804841	0.007802597	2.61373175	0.009065739	0.01069676	0.074226753
CTSL	7.002414521	0.13222792	0.051235508	1.219383195	0.512187863	0.090705722	0.443996817
CTSS	8.669405316	0.318857588	0.976470039	0.456512861	0.499848756	0.284464832	1.276277654
CTSW	0.096575119	0.707241233	0.072300167	0.018943139	0.017727481	0.254449898	0.047074949
CTSZ	9.032839143	0.09628948	0.332102915	0.931121233	0.77738493	0.108431243	1.435644308
CXCL12	0.058579284	0.00171497	0.002306764	1.510436458	0.237290629	0.000913356	0.039534338
CXCL16	2.791859681	0.027163036	0.05931945	0.190706072	0.088847367	0.400252295	0.821495552
CXCL17	0.076514378	0.035312319	0.058589723	0.095284824	0.046655469	0.034871615	8.367402849
CXCL2	6.221843481	0.05953823	0.085021684	1.382525954	2.776864776	0.11516209	8.422512174
CXCL3	6.815849343	0.032697537	0.062300143	0.35818682	0.467268004	0.047345746	0.990289361
CXCL8	16.6406897	0.078532936	0.128364747	0.490178501	0.480830085	0.17257951	3.39711344
CXCR4	2.536848491	6.50424992	6.363593194	0.453339658	1.452374938	0.229401662	0.55415728
CXorf36	0.002695741	0.000656896	0.000693851	0.000722593	1.338452217	0.000211388	0.002916505
CYB5A	1.05403196	0.145300899	0.213348069	1.025227597	1.339065759	0.171148967	12.83604471
CYBA	18.47662153	2.608637546	6.435748403	2.882653489	1.627952721	2.223274302	3.964419683
CYBB	2.143807384	0.007686239	0.105269182	0.023378087	0.03701643	0.010229628	0.045918355
CYP1B1	0.229701882	0.004389819	0.011371916	2.021936378	0.41052987	0.009969522	1.354162758
CYR61	0.04371078	0.020195498	0.034126121	5.730588796	1.496578931	0.022627122	2.580860369
CYTIP	0.81552195	1.114845172	1.532606398	0.058585151	0.111081916	0.041545623	0.109270163
CYYR1	0.008397882	0.000543469	0.000325267	0.011206179	1.277298351	0.000323428	0.001271204
DAB2	2.159713822	0.011525594	0.009818614	0.940116497	0.673939295	0.053064375	0.587876435
DCN	0.103188158	0.03367844	0.061766227	41.90125296	0.060216779	0.031718855	0.169504868
DDAH2	1.144336362	0.072887769	0.258862954	1.40549999	1.019953129	0.69549902	0.800175361
DDIT4	0.567837503	1.219363083	0.444884347	0.662448328	1.03522884	3.346515358	0.904384383
DDX24	0.848176956	0.826965535	0.527627433	0.94620957	0.803182316	0.571405032	1.411484988
DERL3	0.055442579	0.010553029	2.122941885	0.188593497	0.026005468	0.014925006	0.066918389
DHCR24	0.136504416	0.012624613	0.023426983	0.049130379	0.049824406	0.013853361	3.425023877
DKK3	0.005890075	0.011294821	0.00356061	2.185348851	0.215498358	0.002023958	0.048528121
DMKN	0.023168102	0.013555843	0.032321669	0.155567319	0.01809781	0.032937451	1.567882422
DNAJB1	2.266135327	1.484452432	0.725270359	3.608438464	1.464301609	0.446520084	3.237235073
DNAJB9	0.423829503	0.261322041	0.855851686	0.634781673	0.395987872	0.775318802	0.606870787
DNASE1L3	0.075217906	0.000731559	0.008410005	0.002481273	0.893305866	0.000979288	0.006065642
DPT	0.007336437	0.002134593	0.004584282	2.31533682	0.001668565	0.001093789	0.009598813
DRAM2	1.032698992	0.110272997	0.525700737	0.366271791	0.266102931	0.143298475	0.516014885
DSTN	1.225044351	0.331865815	0.345148513	4.985079391	2.791565028	0.59717557	8.068925679
DUSP1	8.770275916	2.225046822	2.957726595	9.998078049	5.883862577	5.154858672	8.532873889
DUSP10	0.233665541	0.205924243	0.171422383	0.152248767	0.049930387	0.756785507	0.379863434
DUSP2	2.25110154	1.7446593	0.974868307	0.302536587	0.132320047	0.642355832	0.307165231
DUSP4	0.579567456	1.208949214	0.367810021	0.098662635	0.245811272	0.097154933	0.213325887
DUSP6	0.450554725	0.04303622	0.040840588	0.338600631	1.374025897	1.296222692	2.624502392
DYNLL1	4.676808501	0.878923275	0.930257063	4.95776646	4.129993278	2.084984066	5.324906854
ECSCR	0.111363162	0.003090915	0.003530864	0.005323456	3.871015214	0.001346771	0.006442205
EEF1A1	59.85284206	29.43538198	44.59519515	69.98568024	52.37473687	35.61752514	87.57869889
EEF1B2	6.86064141	3.151065155	7.261987182	6.475088556	5.305804217	3.118143076	9.56633744
EEF2	4.283881652	2.363926607	4.66904745	8.528885761	5.337140748	1.947429588	7.653190431
EFEMP1	0.016653451	0.006521868	0.007070886	1.5823396	1.339316903	0.008233458	0.559369771
EFEMP2	0.015158802	0.004218288	0.005692612	2.061452973	0.281512372	0.010670975	0.11659481
EFNA1	0.023030307	0.011136228	0.027050744	0.070089997	1.107123791	0.006381866	1.827214303
EFNB2	0.010454643	0.004212206	0.001911697	0.050003287	1.115981898	0.018337819	0.332993458
EGFL7	0.06230264	0.006145992	0.00449892	0.107488038	5.013536589	0.146546154	0.432801386
EGR1	2.096609935	0.115104209	0.496980307	8.272029877	3.09828374	0.958936089	7.827760921
EIF1B	0.930449777	0.313894808	0.592855447	0.973235141	0.765508471	0.557143147	0.818995649
EIF3E	2.88492504	1.360737655	2.05095092	4.233789312	2.844111249	2.556407822	4.096362573
ELF1	0.921737454	0.883858637	0.759086262	0.296530659	0.508942252	1.277463898	0.588765729
ELF3	0.127891252	0.05677287	0.081566203	0.134649987	0.074575953	0.048351356	11.34593399
ELL2	0.440126772	0.055635187	0.211268096	0.152839736	0.067277198	0.542563625	0.480269942
ELN	0.005413717	0.001046287	0.003038556	2.098484595	0.24585596	0.001302717	0.031667198
EMB	0.237392635	0.373635723	0.259659653	0.067137804	0.039468422	0.02637183	0.617982778
EMCN	0.001695255	0.00049058	0.000827389	0.002492399	1.747601926	0.000591406	0.001157975
EMILIN1	0.023615633	0.002791069	0.002318671	2.358829195	0.081116034	0.014925537	0.01298914
EML4	0.933992254	0.698872992	0.367325199	0.363911396	0.295338165	0.108589164	0.872858678
EMP1	0.49985438	0.020880702	0.031296219	1.689579865	2.466558302	0.02056262	1.068098313
EMP2	0.123533126	0.01599298	0.014610965	1.2741082	1.619488057	0.00881369	3.913820309
EMP3	5.871806669	1.16482966	1.220675356	2.294431133	0.598789031	2.409271089	0.444447587
ENG	0.683820933	0.015633746	0.011543859	1.283618492	3.593647081	0.030458036	0.152014567
ENPP2	0.279187165	0.00350092	0.008167088	0.275098817	2.693670025	0.035223926	0.015641337
EPAS1	0.318028363	0.027968941	0.014842814	0.63683036	4.19319965	0.174622578	0.859103271
EPCAM	0.065506537	0.033530429	0.051061564	0.07486679	0.060111841	0.024597844	5.146523843
EPS8	0.108323534	0.009041032	0.015916833	0.318178106	0.1532457	0.00882616	1.673158308
EREG	1.399983739	0.010592385	0.013026408	0.015880115	0.010500071	0.020748971	1.052550489
ERRFI1	0.138004899	0.032677566	0.026986727	0.319774446	0.070695625	0.027570109	2.698559134
ESAM	0.010638832	0.001897666	0.006013147	0.120841085	2.619707873	0.001411382	0.312862123
ETS1	0.052827572	0.30472957	0.100237161	0.125513859	0.972568716	0.021198811	0.130597075
ETS2	0.718473693	0.027647266	0.009813463	0.365340999	1.65209522	0.10876678	0.933951884
EVI2B	1.618473832	0.510904528	0.927825666	0.030101798	0.049770152	0.405991898	0.070969482
EVL	0.997570968	1.187989532	0.492924091	0.321198194	0.45245515	0.050181622	0.434434482
EZR	1.077173552	0.78277201	1.629262129	0.564012457	0.325468583	0.234874006	4.214874064
FABP4	6.028829833	0.030248693	0.031731286	0.092769504	3.540250986	0.031935366	0.142440587
FABP5	7.122989451	0.297935289	0.239441938	0.544921952	4.457794473	0.103241178	1.299925839
FAM167B	0.002285032	0.0041746	0.001798218	0.011221135	1.674977436	0	0.005604486
FAM177A1	0.67337637	0.767862719	0.313340805	0.586885641	0.692832344	0.349206847	2.318038179
FAM43A	0.050971991	0.076336832	0.069281056	0.26680178	1.916734965	0.049155817	0.033820078
FAM46A	0.31964793	0.043918308	0.035439235	0.497544156	0.019004118	0.396693071	0.836438475
FAM46C	0.07380901	0.454498533	0.607021487	0.071268004	0.049811357	0.040342931	0.23478157
FAU	16.80900387	7.486962637	13.02937822	13.9666195	10.84229241	9.867707757	21.13266058
FBLN1	0.033780132	0.012652348	0.020337919	12.7839552	0.02697921	0.011590238	0.089705448
FBLN2	0.008231341	0.001102419	0.006683494	1.347863428	0.206061713	0.025772545	0.089235965
FBLN5	0.010901624	0.043014095	0.008619077	1.444051615	0.129625419	0.00329437	0.148158474
FBP1	6.007601283	0.042579983	0.088078887	0.205761215	0.067255441	0.25074406	1.467905118
FCER1A	0.727074308	0.004187589	0.006154646	0.008424544	0.013238784	1.004642222	0.028891855
FCER1G	16.5789448	0.161210175	0.145861917	0.233741951	0.293272279	3.740443448	0.41119449
FCGR2A	2.238051722	0.012570808	0.02338564	0.047380661	0.061691866	0.039578267	0.434060882
FCGR3A	4.284079387	0.133448062	0.02779684	0.045123336	0.034674977	0.026958454	0.08978745
FCGRT	5.536808522	0.072308387	0.278158646	2.136307001	2.483375122	0.174433801	1.736315829
FCN3	0.003556524	0.001269239	0.001865933	0.003254828	2.177333592	0.000746205	0.006611787
FCRLA	0.00711519	0.001346797	0.378886395	0.002667315	0	0.003297298	0.009264094
FGF7	0.007372141	0.00433288	0.008443757	1.39646423	0.019861104	0.006315733	0.064655176
FHL1	0.256716022	0.02558489	0.012239789	2.35644128	0.453888514	0.088936823	0.039429329
FKBP11	0.076853652	0.238757146	2.129133686	0.786545658	0.220766928	0.05163528	0.413981043
FKBP1A	3.695328418	0.631221309	0.438316993	2.033216497	12.73494895	0.758582322	2.428637392
FLT1	0.098801358	0.002381741	0.000396038	0.000768999	2.430516069	0.001361766	0.006667673
FMO2	0.003902837	0.001012361	0.002647047	1.510182812	0.008573967	0.002951668	0.043167645
FN1	6.26987079	0.045770411	0.090794398	14.87608065	3.172491826	0.069702184	1.292091586
FNBP1	0.772116613	0.572171541	0.705705047	0.258161541	0.270257434	0.157433313	0.309654679
FOLR1	0.082319177	0.012223315	0.02924474	0.05015346	0.027191407	0.00861547	3.345178906
FOLR2	1.162024674	0.006117094	0.048273908	0.020871744	0.025296205	0.014041255	0.053713235
FOS	9.557917349	2.29778177	3.01627267	24.35996199	11.38225674	4.814633261	13.43620436
FOSB	3.765018959	0.614285292	1.516586306	8.251499383	4.24142759	3.762018848	7.366307633
FOXJ1	0.00564815	0.003734005	0.005687381	0.007948622	0.013303814	0.013618619	0.441888966
FOXP1	0.480699977	0.390414531	0.428174126	0.933509988	1.534532032	1.030587163	1.205297147
FRZB	0.005151638	0.001045077	0.020004747	1.670943326	0.009088121	0.002986562	0.00983103
FSCN1	0.354072576	0.011360566	0.016413676	0.416147064	1.215493009	0.047183326	0.383050458
FSTL1	0.011244938	0.003738817	0.007464486	2.203124159	0.413665955	0.003185286	0.52190614
FTH1	253.3627139	14.39196179	13.90844952	53.9691353	19.97499722	61.16990901	116.573616
FTL	615.2414274	6.815401234	18.28220394	45.06479748	22.40342342	26.91746759	101.1627528
FXYD1	0.01331232	0.035933191	0.032063668	1.491325852	0.011265081	0.062337632	0.03103128
FXYD3	0.059955306	0.027768307	0.041168463	0.053360791	0.043927416	0.016517474	4.636131962
FXYD5	3.18893118	1.783312563	1.467089431	0.682930922	1.968164324	2.766032989	1.791613556
FYB	1.929720238	1.073444652	0.054514651	0.069947716	0.07724294	0.059752254	0.167184794
FYN	0.144355088	0.639526991	0.055797644	0.214015646	0.710583142	0.120673952	0.149212877
G0S2	7.79713433	0.054707876	0.131760259	2.021027041	0.31815862	0.148772861	0.59673438
GADD45B	2.949466164	0.410542681	0.764611736	6.119032644	3.207830838	1.791465742	2.517770241
GALC	0.223005895	0.030607462	0.017366358	0.071871586	0.043193876	0.402371868	0.138607755
GAS6	0.372861412	0.005913219	0.183760806	1.949789048	0.970260391	0.009113044	0.519170595
GATA2	0.018013718	0.002323698	0.003836455	0.015653202	0.521921794	3.606466875	0.121483127
GATA3	0.048596687	0.329974835	0.014752969	0.037488102	0.050479204	0.007067327	0.036225036
GCHFR	5.063390758	0.192670741	0.146578552	0.128008345	0.099043302	0.189873932	1.120827922
GCSAML	0.00545059	0.000412215	0.001263939	0.000372084	0	0.553242714	0.004119751
GDF15	0.118942062	0.01962658	0.026277055	0.477141197	0.309981332	0.062885496	3.766134388
GIMAP4	0.607789442	0.388491006	0.038437624	0.030974804	1.449268014	0.013314787	0.04202374
GIMAP7	0.182568501	0.449397242	0.025668578	0.021353556	1.635518149	0.030908877	0.030719294
GJA1	0.010681875	0.002113711	0.004066378	0.423941487	1.756132348	0.002684957	0.405474206
GLRX	3.649923218	0.374872149	0.437957705	0.577822946	0.539071429	0.220604672	0.537153843
GLTSCR2	2.786978002	2.234884206	3.688356388	4.527135046	3.070183418	2.322563779	3.615314606
GLUL	9.773014922	0.165445165	0.116069042	0.999294104	0.71635697	3.394656561	2.946945536
GMFG	3.117102574	1.497529115	0.780538336	0.243389903	1.70461383	0.800180157	0.2128475
GNG11	0.135162895	0.013636949	0.046702382	0.926992629	9.490544201	0.013097229	0.349435665
GNG2	0.179193686	0.430402712	0.188088602	0.174022089	0.063191037	0.121083844	0.042390309
GNG7	0.090112694	0.005531755	0.516518552	0.037635129	0.127165594	0.040005262	0.109678502
GPC3	0.004116969	0.001921275	0.002240718	1.820833118	0.007144446	0.002677358	0.119583483
GPIHBP1	0.001204175	0.000473241	0.000275703	0.000186692	0.439949816	0	0.001303695
GPNMB	6.640029794	0.033140549	0.058270333	1.004830915	0.078282785	0.068272375	0.273766489
GPR183	5.900518042	0.862021882	1.571023637	0.109157451	0.127693514	0.184182995	0.359323369
GPR65	0.595060452	0.34892558	0.138424292	0.014406854	0.01717097	1.272291364	0.029386834
GPRC5A	0.052779081	0.015833646	0.018355048	0.253749007	0.025653515	0.021958745	5.990444048
GPX1	18.78127262	0.491096733	0.952664063	3.336881228	3.445431645	2.145426926	7.888254327
GPX3	0.470822899	0.011143079	0.020817597	3.394037587	2.288282706	0.018942491	0.70583393
GRAP2	0.020477124	0.161399806	0.007986298	0.015060783	0.007114466	0.517613324	0.016852414
GRN	11.98916456	0.102486336	0.498859515	1.525183243	2.092180334	0.342406531	2.370371482
GSN	2.902769376	0.034326554	0.074559433	4.637655524	3.294311143	0.237450047	2.504591561
GSTO1	4.493136918	0.290192112	0.300097799	1.29026743	1.365146827	0.484457902	0.899874622
GSTP1	6.201069285	0.645067045	1.83569716	4.936353851	2.541177076	1.017600359	22.83336215
GYPC	1.504259864	0.711889964	0.810779251	2.006450746	1.501863765	0.172977763	0.084185846
GZMA	0.130661473	2.038697791	0.076759498	0.047380511	0.04522188	0.036498078	0.092651793
GZMB	0.36731535	1.555830999	0.130793369	0.019765432	0.073174561	0.032518815	0.08370033
GZMH	0.053851281	0.888709324	0.028513578	0.033260822	0.030631871	0.01609678	0.038068487
GZMK	0.068832577	0.954569095	0.059764826	0.045870366	0.039172427	0.045209421	0.046989496
GZMM	0.043282198	0.529293528	0.018196668	0.019529644	0.024757701	0.012076682	0.043635613
H3F3B	13.15996516	5.865599021	7.167997414	12.4808478	10.1677153	14.79149991	17.01846312
HCST	2.452853487	1.735836813	0.339985445	0.093009369	0.07940947	0.675706073	0.235896465
HDC	0.003438657	0.00080556	0.000316116	0.009108863	0.001928673	0.858170939	0.007308015
HEG1	0.04792128	0.025851806	0.010230466	0.512774238	1.306192098	0.127582267	0.03685357
HERPUD1	1.75045082	0.657009622	6.420126901	1.623098712	1.341203778	0.506629372	1.604219041
HES1	0.663341915	0.032314138	0.239925316	2.515119879	4.561941831	2.014523785	3.644073915
HEXB	2.559928542	0.117942206	0.203292252	1.051754179	0.469638066	0.261301894	0.778293288
HLA-A	22.01775169	12.24136109	8.266699756	11.81517226	25.17719941	5.410053147	17.47722907
HLA-B	29.14988573	11.94979073	12.91776416	12.72700494	26.77629528	5.10295225	17.08882232
HLA-C	20.47126106	9.60269364	10.69808555	10.70183683	19.73709673	4.720846721	11.71190467
HLA-DMA	8.128271784	0.289710615	1.467503513	0.224456042	1.38861082	0.192393132	1.984627483
HLA-DMB	5.181051496	0.099759178	0.825010259	0.067221798	0.292392269	0.052278853	0.470810233
HLA-DOB	0.091442696	0.003925187	0.318833798	0.008871354	0.006875811	0.001659561	0.091553768
HLA-DPA1	34.54349665	0.883370232	5.23493608	0.618308251	2.649152464	0.422187103	4.611851766
HLA-DPB1	42.05524948	1.176627871	7.353470619	0.930427243	3.157224772	0.672795281	4.987011279
HLA-DQA1	17.1070345	0.339164039	3.066286852	0.26828895	0.784014025	0.108505157	1.360578271
HLA-DQA2	3.634354507	0.104410611	0.499582819	0.02180116	0.249985316	0.03117522	0.43973769
HLA-DQB1	18.23902933	0.453712096	3.648384558	0.260477246	1.120998601	0.18577809	2.494290878
HLA-DRA	103.3269941	1.4531861	17.19819442	1.658399385	7.519316655	1.092190661	11.7673003
HLA-DRB1	46.35307741	1.420412644	6.790858181	1.012804134	6.171552752	0.554403229	7.877506421
HLA-DRB5	9.210142106	0.211701396	0.99836691	0.12649259	1.229767309	0.08117351	2.273742477
HLA-E	6.551243304	3.493370825	3.90179181	2.827849607	13.56207882	2.101083111	3.056064274
HLA-F	0.922666402	0.650589357	0.532449725	0.425654433	1.008085035	0.180377161	0.745389506
HMGB2	1.036778294	0.849527206	0.556449688	0.469338127	0.458039159	0.462493637	0.771126363
HMOX1	2.210373094	0.023628092	0.050953564	0.107119744	0.103496261	0.020969142	0.419333949
HOPX	0.197662935	0.533334764	0.337239712	0.799854349	0.213422719	0.05338686	11.4522356
HPGD	0.200488853	0.075941154	0.043579955	0.093219955	1.019471086	4.310779835	1.321813114
HPGDS	0.394759117	0.008258532	0.008213695	0.011401731	0.006898166	4.76164969	0.042702205
HSD17B12	0.436814849	0.060221748	0.117461248	0.546110613	0.725215808	0.509486613	0.590426416
HSPA8	5.03315061	2.193091382	1.664238389	4.148802631	3.929804738	1.157783953	4.300830425
HSPB1	3.400444227	0.441415256	0.764174267	8.290773965	6.60948559	0.631865904	14.8849027
HSPG2	0.018820907	0.005346248	0.011902864	0.697025795	3.924906663	0.034803664	0.464299146
HTRA1	0.10810608	0.019260692	0.006239575	2.599257108	1.981495844	0.001747188	0.270385401
HTRA3	0.012286197	0.001823622	0.003921608	1.772594885	0.020057742	0.003761033	0.012307758
HYAL2	0.134632435	0.00889218	0.012422978	0.27245008	2.970596072	0.012639485	0.418343552
ICAM2	0.255893863	0.1504639	0.248800975	0.056466805	1.580944947	0.052084013	0.149506095
ICAM3	0.328487751	0.639850102	0.829041994	0.194740378	0.184294932	0.232925856	0.290719214
ICOS	0.05484535	0.506452282	0.019603418	0.025952182	0.01014286	0.01119934	0.061767632
ID1	0.077263534	0.061350082	0.057315422	0.987455326	6.550946742	0.035868296	1.863733361
ID2	5.271493047	1.564027148	0.179658323	3.228991215	1.498151238	5.903559619	1.045090924
ID3	0.618453586	0.139837476	0.526359421	3.732573156	6.923854937	0.018850955	0.442683706
IER2	3.570714176	0.975497453	1.856411893	9.466016411	5.908023031	2.640026553	6.830570061
IER3	6.533786279	0.097540448	0.121983424	4.102650987	1.91563344	0.862242058	4.123593902
IFI27	8.592431999	0.230348231	0.368270135	2.062269087	16.74830703	0.161908743	16.55146947
IFI30	1.386630143	0.006358463	0.143283067	0.019727652	0.056337954	0.013897513	0.077244185
IFI6	5.986800144	0.425362394	0.827805042	2.113257611	1.551218435	0.605508138	4.064414145
IFITM2	0.945851619	1.475200686	0.797510141	4.892543929	6.779311687	1.649128154	3.111906404
IFITM3	3.474392896	0.148155779	0.168905247	16.16502517	17.73285272	1.317517609	9.657676577
IFT57	0.192751838	0.085627383	0.279270346	0.6334748	0.29884359	0.122230364	2.717231258
IGF1	0.210753368	0.002320334	0.078963841	1.495087859	0.22386162	0.001417217	0.015825601
IGFBP3	0.027188378	0.023061926	0.015676918	1.928418322	1.96663858	0.01211614	2.908015495
IGFBP4	0.128215169	0.054334653	0.036161878	7.550615444	6.235971488	0.011585461	1.555221782
IGFBP5	0.007546634	0.003102107	0.003856874	4.353020901	0.751064038	0.009581252	0.188614167
IGFBP6	0.033346857	0.019117411	0.017154464	1.796362451	0.074029048	0.01057286	0.314536053
IGFBP7	0.372127918	0.082415757	0.076438523	41.98481863	40.09758	0.0680827	1.801858503
IGHA1	3.385723783	0.975028219	172.3067582	2.295741392	1.580464208	1.056865308	13.12656997
IGHA2	0.319182353	0.155895068	39.27535455	0.958754053	0.126961082	0.102624979	1.835856895
IGHG1	1.988232224	0.401589369	120.1095987	2.414356297	0.515057331	0.497586327	1.067008686
IGHG3	3.026494282	0.573771402	130.183276	3.237547466	2.613199755	0.828100752	1.805412788
IGHG4	1.65953152	0.385208826	79.09626632	1.364764226	0.616572305	0.544823963	1.590713093
IGHM	0.313738037	0.121614993	37.36332428	0.535942212	0.199828829	0.107461327	0.495990169
IGKC	12.155075	3.735826167	992.5922017	10.17880909	5.851062469	11.15330047	29.18854963
IGLC2	5.24831927	1.150525189	414.5621647	5.429530178	2.147542879	1.383537741	3.104965212
IGLC3	1.771753879	0.404035996	182.113145	2.276140375	0.704383393	0.269491216	1.030342555
IGSF6	2.720721452	0.009912437	0.012008615	0.017174738	0.021109392	0.005067864	0.033533054
IL18	1.001918974	0.007292194	0.016495095	0.100403039	0.020070947	0.425806277	0.489060627
IL1B	6.709282545	0.023836859	0.040826884	0.065995696	0.073614402	0.050440288	0.156576043
IL1RL1	0.0056599	0.003277009	0.001130022	0.007904371	0.091756653	0.884873024	0.038778895
IL1RN	1.351374255	0.009510984	0.017745416	0.02541254	0.024579789	0.019351384	0.06340675
IL2	0.002891278	0.018964561	0.001087839	0.000756583	0	0.000211388	0.005623518
IL2RA	0.170167338	0.191948418	0.075346039	0.013908205	0.002599445	0.046913217	0.007635127
IL2RG	0.602225584	1.029955138	0.580591959	0.049918795	0.044286017	0.168442238	0.101057118
IL32	0.85907104	6.593735834	0.255480492	2.988879539	3.551905645	0.139857987	2.48947367
IL33	0.001051644	0.000481787	0.000452593	0.098364615	2.012526121	0.000323428	0.007717248
IL3RA	0.267719005	0.001809209	0.005232097	0.006534205	0.580641241	0.012516916	0.012929162
IL7R	0.950250199	1.098784766	0.059684305	0.228407761	0.322038848	0.037224561	0.090108516
INMT	0.006852876	0.002326593	0.002511703	1.751886481	0.138466099	0.003487834	0.012059721
INPP5D	0.252834087	0.201820285	0.435411591	0.016521547	0.182359322	0.055266566	0.055667858
INSR	0.071194839	0.002780557	0.036317465	0.163412967	1.746180274	0.014941033	0.310362017
IRF1	1.106788882	0.642676562	0.613927948	2.536712779	3.128718067	0.413392442	0.938710968
IRF4	0.136671076	0.045160247	0.120347415	0.008558952	0.013929007	0.004865167	0.089916883
IRF8	0.958035762	0.027561311	0.545072118	0.218826653	0.073396505	0.01736742	0.077960855
ISG20	0.395240945	0.95065691	1.839377653	0.124787326	0.311260421	0.054796558	0.830980317
ISLR	0.006517889	0.001083317	0.003225391	1.767638895	0.004531808	0.002114671	0.005839685
ITGA3	0.03134832	0.017497172	0.028456962	0.096023917	0.163154779	0.02546311	2.245776153
ITGBL1	0.003513786	0.000923146	0.0024194	1.467596641	0.006651907	0.0028286	0.005033266
ITM2A	0.069684395	0.909800971	0.133536698	0.103096941	1.696276913	0.447507328	0.049577566
ITM2C	0.168557269	0.289082135	1.588558116	1.11880097	0.10854288	0.885491579	0.471797618
JAM2	0.007461661	0.001190192	0.006473133	0.160761312	1.562966702	0	0.000841721
JCHAIN	1.07776007	0.24335937	76.24524405	0.582354371	0.59427008	0.314482148	3.130642711
JUN	6.484500098	3.386498704	6.037430169	21.14546686	9.620692171	6.272361403	14.81976418
KDM6B	1.171486481	0.247602908	0.435624322	0.374613736	0.478899377	0.909802164	0.844327932
KIT	0.006162563	0.001420877	0.001944855	0.003892464	0.063530196	0.882520775	0.030887332
KLF2	0.599291315	0.258821532	0.755102559	0.787395035	1.785203899	0.120099364	0.53268444
KLF4	2.904858579	0.034712761	0.067760482	2.028614182	2.28536787	0.189219754	0.892603565
KLRB1	0.22435184	2.117694536	0.076244176	0.062704169	0.04959996	0.043036338	0.120471948
KLRG1	0.022463891	0.114951315	0.01110561	0.01486182	0.041379731	0.355350292	0.011215251
KMT2E	0.825766285	0.854648389	1.067954923	0.984036826	0.95947451	0.832759358	1.396841976
KRT18	0.160041439	0.082730093	0.173493697	0.906410808	0.352074967	0.065509284	15.06881111
KRT19	0.166601693	0.100971954	0.173845312	0.872982316	0.232438948	0.295951793	18.22684749
KRT7	0.108785076	0.053634608	0.083044135	0.183537739	0.074967855	0.041747284	10.04188194
KRT8	0.120350812	0.067126137	0.083202353	0.682889783	0.172676024	0.039344516	10.49736281
LAG3	0.044831925	0.237448262	0.03251744	0.044898785	0.008492354	0.002212698	0.066021141
LAPTM4A	2.072895372	0.323021071	0.576409157	6.209665575	2.712213229	3.777789317	3.035025425
LAPTM5	9.62702771	1.756018583	3.00256529	0.174164027	1.13411634	3.120415196	0.444967006
LAT	0.107005006	0.611307331	0.033541258	0.039368449	0.035889495	0.93762836	0.061350875
LAT2	0.653024713	0.032607812	0.280333121	0.015029172	0.019316837	0.734618904	0.041848938
LBH	0.043529906	0.274410667	0.154301646	2.045664975	0.68775311	0.053622158	0.376970188
LCK	0.083185147	0.956601751	0.106268235	0.044361344	0.041615097	0.014683898	0.057445431
LCN2	0.041054395	0.02425967	0.025853979	0.079431856	0.006155748	0.016892484	3.842178492
LDB2	0.001987525	0.001942132	0.001080412	0.188165615	2.513570823	0.022854197	0.003561197
LEO1	0.077776637	0.039975175	0.030103775	0.178664772	0.127356975	0.433661388	0.107029036
LEPROTL1	0.834960552	1.223052623	0.218754048	0.312451139	0.472462704	0.471325231	0.617917227
LGALS1	23.91588759	1.847000456	1.936258567	24.12745801	5.791059341	3.579586847	2.621369531
LGALS3	13.23361008	0.506189191	0.348377173	4.528860439	1.377215031	1.589225206	9.564912237
LGALS3BP	1.546002194	0.074603735	0.076051419	3.228294402	0.059749134	0.046712107	4.489182322
LGMN	2.768946154	0.032020243	0.120660864	0.647693955	0.485631529	0.017575255	1.435953954
LHFP	0.009789478	0.008661404	0.004477094	1.65279058	0.512921036	0.002775045	0.22149781
LIFR	0.004708598	0.001529057	0.001819404	0.165941449	0.673223295	0.001474147	0.379397245
LILRB4	1.655869502	0.005625489	0.020910017	0.023005258	0.028651705	0.005808983	0.02199843
LIMD2	0.666819218	0.873668941	1.035081199	0.213535725	0.261960302	0.182951451	0.456360793
LINC00152	0.587308837	0.620665768	0.688200314	0.813573597	0.806814626	0.215146028	0.952596414
LINC01272	1.772168974	0.009139235	0.015352566	0.01451244	0.012362724	0.008173964	0.049932244
LIPA	2.882451665	0.090112233	0.078120907	0.261942716	0.562805706	0.094774909	0.391954795
LMCD1	0.02465932	0.026137828	0.023998875	1.648844447	1.004785783	0.00800752	0.189638824
LMNA	3.790282366	1.455506253	1.106063675	5.948108026	4.032297336	6.205544013	6.118766039
LMO2	0.240769774	0.001117659	0.022962247	0.011684482	1.156472255	0.003291492	0.01631493
LMO4	0.566082323	0.093778018	0.228573392	1.621694466	0.391281436	1.479443069	0.629146109
LMO7	0.04889822	0.021287054	0.02577285	0.212392841	0.072873759	0.014939469	2.384681409
LOXL1	0.006140245	0.007078219	0.003937185	1.380527084	0.003986068	0.000211388	0.063459085
LPCAT1	0.206901744	0.055011891	0.0832134	0.106233019	0.21314467	0.050876303	5.624687266
LRP1	0.728271115	0.004568583	0.009844809	1.901310403	0.01105922	0.004445087	0.161352366
LSM7	0.973415552	0.391881225	0.752699243	0.924019696	1.05568002	0.351306862	1.666514908
LSP1	2.65090281	1.254662482	1.116323131	0.22216108	0.131963413	0.052552826	0.291542181
LSR	0.047059606	0.044534675	0.09899588	0.089295358	0.255861752	0.043757615	1.859322333
LST1	6.214245457	0.10426589	0.116280959	0.079212807	0.077216864	0.096000736	0.206795967
LTB	1.692404405	3.148324197	3.067334722	0.153831223	0.212778505	0.135569324	0.337966627
LTBP1	0.006075245	0.001620641	0.004200353	1.31252535	0.151912318	0.002756882	0.151597553
LTBP2	0.019013408	0.002879423	0.001929525	2.107040841	0.068527663	0.003930956	0.049236089
LTBP4	0.063232272	0.054911156	0.045775193	1.40792377	0.242492362	0.02344912	0.234749389
LTC4S	0.176928318	0.021226005	0.026619033	0.07498516	0.321788116	1.879445779	0.138362478
LUM	0.101648299	0.035244225	0.064358731	43.796229	0.059852256	0.039516748	0.162184002
LY6E	4.598050553	1.047798803	0.687456725	4.190298001	2.067334125	0.49836182	11.05133528
LY86	1.832869497	0.010036534	0.529041186	0.026703674	0.043889275	0.009382097	0.05376561
LY9	0.042304185	0.090037485	0.824678167	0.014932612	0.009880201	0.004009905	0.015484137
LY96	2.258057045	0.074374959	0.457918963	0.378825563	0.588525319	0.041124848	0.303184773
LYN	1.120219962	0.023948173	0.370265669	0.052420631	0.370237843	0.229445355	0.668225853
LYZ	41.89732863	0.169926544	0.233776031	0.458474776	0.496553184	0.231168035	0.788099221
MAF	0.531993701	0.21406876	0.009312054	0.409314085	0.332088526	0.045801624	0.07164129
MAFB	1.955716782	0.010995313	0.015688132	1.294617547	0.168242463	0.01131725	0.313030812
MAL2	0.042651731	0.016303107	0.028147438	0.048889089	0.016352545	0.014884314	4.385564233
MALL	0.033491174	0.014377001	0.011956229	0.056430375	0.49666087	0.01604103	4.077511353
MAOB	0.004312193	0.001562068	0.001657392	0.445658668	0.005218448	0.998419424	0.029854279
MARCKS	2.207591565	0.012377973	0.365485683	2.36234334	2.267497883	0.024884527	0.89318533
MARCKSL1	0.960538384	0.181176722	0.56513556	1.110684572	5.645106863	0.207636214	2.425904088
MARCO	7.160085762	0.030883247	0.056550253	0.048299607	0.059943161	0.030482081	0.140041446
MCAM	0.004058144	0.011634751	0.002676705	0.226126463	1.28342603	0.000211388	0.076057938
MCEMP1	2.743138976	0.01264535	0.018800121	0.024380902	0.019597423	0.012477205	0.062533507
MDK	0.20470177	0.047444793	0.157793159	3.467444206	1.260492349	0.079212937	6.191944853
MEF2C	0.497994971	0.0050352	0.781309501	0.378038322	1.079106315	0.007772661	0.350805538
MEG3	0.005651417	0.002205394	0.003740621	1.662442513	0.018971699	0.097109624	0.421604655
MET	0.021097628	0.009528742	0.022118106	0.041978536	0.19051752	0.005754925	1.954785244
MFAP4	0.020327761	0.007466221	0.010362091	7.754205009	0.072154989	0.009059364	0.031189332
MFGE8	0.035870891	0.026280871	0.0228897	1.962926168	0.135829105	0.026325057	0.395039746
MGLL	0.6228541	0.01559225	0.052484247	0.371169371	1.015590531	0.031879884	2.248534133
MGP	0.340555786	0.10626151	0.187081112	69.66077093	18.43310478	0.099790324	2.054839131
MGST1	0.660654898	0.072340934	0.114230082	0.710707321	0.098756508	0.082055911	10.88140932
MGST2	0.895997405	0.032628101	0.022931922	0.335586418	1.721946536	0.113939031	0.739350788
MITF	0.372152743	0.00101334	0.009826413	0.232800254	0.019594493	0.437513253	0.11138034
MLPH	0.17585259	0.00866478	0.021107008	0.030451611	0.013717662	0.362380691	2.161150342
MMP2	0.106569765	0.00927695	0.016565663	7.373943425	0.742512674	0.012758612	0.051463128
MMP23B	0.011681129	0.012520157	0.010657101	1.648539531	0.002317503	0.00761319	0.092519147
MMP7	0.070413333	0.019414089	0.02168434	0.035855975	0.032627414	0.012225047	2.839156293
MMRN1	0.001646949	0.000921884	0.00069157	0.000908779	1.131272747	0	0.000587121
MMRN2	0.001600588	0.000508543	0.000745423	0.008863118	1.076599343	0.000211388	0.011726147
MNDA	2.074688267	0.010092497	0.084473606	0.01239267	0.012575647	0.018966591	0.031520611
MRC1	2.286080003	0.014758612	0.02149713	0.031088077	0.160318892	0.013478611	0.041903962
MRPL14	0.856349329	0.176661098	0.266462137	0.579717927	0.539160398	0.209358431	4.005004308
MS4A1	0.027789481	0.020340275	1.908227517	0.0089511	0.01274514	0.01333499	0.034743433
MS4A2	0.012967427	0.001421356	0.003903064	0.008739486	0.010880792	3.911002588	0.029857611
MS4A4A	2.266156322	0.010943399	0.01238041	0.028305515	0.002974799	0.023588808	0.08787516
MS4A6A	5.088771339	0.035173321	0.034439128	0.051229933	0.054335536	0.033972169	0.112566671
MS4A7	3.959952962	0.013259841	0.085555083	0.034119223	0.049693541	0.01705699	0.073189878
MSR1	2.614650507	0.010939265	0.018156951	0.049957158	0.0314167	0.010811749	0.081291346
MSRA	0.391341609	0.05088541	0.078343978	0.172133042	0.411689525	0.58399813	0.224572086
MT-ATP6	34.80886143	8.667461663	13.68956655	27.44882716	25.12413958	10.88029043	100.1704183
MT-CO2	54.75619339	11.06953602	19.17389377	28.44296022	29.55584243	17.62524927	142.6153515
MT-CO3	62.49079807	13.17473885	21.30548296	40.35427735	36.05184127	14.13267805	161.3861441
MT-CYB	28.15522635	7.899273094	12.10619025	24.01028577	24.11559751	8.533140176	74.41863909
MT-ND1	30.92208089	6.044133045	10.87646628	19.99298134	20.81078395	7.824687464	111.3797166
MT-ND2	37.6198063	9.16271392	15.39794244	23.1702227	25.08641072	13.64600429	95.22101436
MT-ND4	43.8788354	8.750791716	15.95886327	31.32318213	27.83879912	17.47858832	104.8276832
MT2A	3.571070363	1.424691229	0.405944836	9.799830633	3.816192766	1.284009499	2.445432463
MUC1	0.164680997	0.064297691	0.108650323	0.21406802	0.123801077	0.048445104	15.06188529
MXRA8	0.011066245	0.004144089	0.004211048	3.034282411	0.007712881	0.000913356	0.264494829
MYADM	1.009983139	0.479043498	0.307723683	1.605383902	0.869305427	1.249324291	0.361785719
MYH9	0.755109452	0.353341484	0.187652897	1.274334292	2.376815653	0.122331954	1.67013987
MYL9	0.07104067	0.010483147	0.058483512	7.239093937	1.138300863	0.022779062	0.954824639
MYLK	0.009628832	0.002399401	0.002273711	1.68956868	0.348388358	0.004659093	0.079394695
MYO6	0.084907921	0.022639206	0.017612644	0.19809851	0.559706342	0.033957812	1.605368336
MZB1	0.079244562	0.045413169	5.196620627	0.059199918	0.095371774	0.086662644	0.141675248
NAMPT	3.001179877	0.29856755	0.22868051	0.992068565	1.472618017	0.383922686	2.026544369
NAPSA	0.191511579	0.106949969	0.164602441	0.224674353	0.146901838	0.057805868	19.05683894
NBL1	0.060955161	0.085090827	0.022684675	8.762572319	0.258663614	0.024037236	0.627874234
NCAM1	0.004196592	0.008526548	0.001380944	0.024618988	0.009510281	0	0.001461914
NCF1	0.680874007	0.179637278	0.553900823	0.02163941	0.020608969	0.166782113	0.120439007
NCF2	1.839488964	0.007826945	0.036179876	0.013042917	0.014753105	0.005384031	0.097184702
NCOA7	0.21229192	0.096131261	0.091676028	0.321793955	0.709789712	0.083597418	2.491697899
NDRG1	0.321176188	0.090978659	0.065967012	0.499162742	1.019821278	0.060135893	2.720818638
NEAT1	18.81461626	1.684646933	3.131248581	10.71439092	14.57911281	4.506446008	60.52298091
NFE2L2	1.425428006	0.354538874	0.300292314	1.068316061	0.881440809	0.929327308	1.409063829
NFIB	0.009901919	0.002753079	0.004070045	1.525616923	2.179856107	0.002378342	0.720363561
NFKBIA	13.00265198	1.76562362	2.325542593	4.944636715	4.550297369	12.6008668	7.346100996
NFKBID	0.531951791	0.058868121	0.49461968	0.044547813	0.082368412	0.415094783	0.126793095
NFKBIZ	1.439337172	0.192426115	0.170268283	1.582232046	0.70507774	1.390151148	2.13514347
NGFRAP1	0.551923639	0.097893692	0.041794113	2.571370044	1.923941529	0.132446987	3.4911116
NKG7	0.262957793	3.213593398	0.113790658	0.090171383	0.1316531	0.086164199	0.192064007
NKX2-1	0.018568916	0.007737029	0.008071814	0.014532604	0.006630074	0.00272388	2.289417382
NNMT	0.052352902	0.008360893	0.011000715	6.541113077	2.648294298	0.005777973	0.637787707
NOSTRIN	0.004444379	0.000592246	0.00056326	0.006721559	0.901255485	0.000591406	0.08971883
NOTCH4	0.020465191	0.001605892	0.011673471	0.014827397	1.041886347	0.010110997	0.01129692
NPC2	15.73442734	0.374567284	1.568357256	4.556633684	4.167297318	1.744096531	28.14463604
NPDC1	0.034007953	0.058550979	0.003967559	0.610044172	2.655180335	0.007595765	0.315237282
NR3C1	0.63649263	0.690143605	0.278879357	0.546473913	0.414543912	0.235070704	0.61540215
NR4A1	1.010963498	0.10066585	0.809240041	1.645986071	0.540128108	0.855286216	2.099293413
NR4A2	2.599114116	0.98690246	1.565287842	0.747742244	0.585349011	1.625931192	0.892743896
NRN1	0.030704433	0.000822137	0.003225626	0.005063611	1.048644473	0.000211388	0.059226947
NSMCE1	0.435546856	0.190371634	0.140367316	0.485164638	0.388816284	1.311822692	0.563008317
NUPR1	7.095617789	0.051954662	0.093473289	4.616075542	0.824338045	0.048185233	2.638361197
OCIAD2	0.21060881	0.60703559	0.444246887	0.267045007	1.069947796	0.212515081	4.643242294
ODC1	0.310429574	0.252933192	0.632747185	0.313370011	0.496525891	0.180655081	0.962471755
OLFML3	0.105265206	0.003136222	0.007879108	1.509364356	0.018007461	0	0.144203532
OLIG1	0.002761705	7.04E-05	0	0	0	0	0.015581094
OLR1	2.371282917	0.009918412	0.019710612	0.02137854	0.034201378	0.017037789	0.049678408
ORAI2	0.205228408	0.087890485	0.447153908	0.136702794	0.221554413	0.054727795	0.235869992
PALLD	0.115292124	0.006296759	0.004769219	1.623846042	0.086046222	0.079642222	0.263497698
PALMD	0.001285147	0.000583739	0.000316116	0.138542853	1.414104942	0	0.069759476
PBXIP1	0.147700364	0.416679713	0.149883015	0.322459243	0.251014412	0.106814629	0.583650532
PCAT19	0.002573473	0.000380676	0.002160944	0.00167893	1.679708939	0.000422776	0.011416247
PCBD1	0.976556722	0.082095831	0.135995577	0.720947427	0.400419981	0.151297502	2.730182155
PCDH17	0.002232002	0.00018128	0.000460569	0.016396975	3.631108804	0	0.015690213
PCOLCE	0.03080484	0.008662666	0.008392932	5.896302273	0.023340215	0.012783551	0.243004932
PDCD4	0.320847523	0.446089434	0.355758265	0.283634175	0.324713144	0.445903502	0.399836219
PDE4B	0.658659456	0.293739537	0.581098848	0.065333532	0.175881417	0.031970314	0.068498607
PDGFRB	0.007284291	0.005578419	0.002742514	1.459685739	0.004375751	0.0007679	0.003080898
PDLIM1	0.773328275	0.035649336	0.416391405	1.378268304	4.645330609	0.018738739	2.363428434
PDLIM3	0.01098077	0.003352167	0.015162349	2.019706445	0.253774461	0.003225923	0.423454849
PDZK1IP1	0.039119721	0.02210369	0.046412232	0.203078254	0.000627106	0.019927404	2.688741978
PEBP1	2.540371394	0.618377527	0.802693893	3.712243132	1.389395221	1.857652104	3.679095623
PECAM1	0.86210079	0.02301311	0.115299617	0.027186049	4.941592457	0.013877427	0.083192996
PERP	0.052032263	0.160992489	0.083150695	0.491510854	0.17967273	0.059875368	3.04941441
PHACTR1	1.652368142	0.007430299	0.608178157	0.063122793	0.131137729	0.245838267	0.255034267
PHLDA2	0.532233878	0.065423813	0.065376933	0.397384191	0.297402854	0.34242169	3.580402964
PIGR	0.065899559	0.022975074	0.042727367	0.057409827	0.050571747	0.02576481	9.377678802
PIK3IP1	0.17577125	0.446560991	0.191250172	0.220497458	0.108130982	0.050378	0.278530016
PIK3R1	0.216407746	0.34147186	0.077009835	0.594941074	0.217573032	0.097921126	0.170459921
PIM2	0.116102231	0.201386944	0.956297231	0.045758739	0.017673215	0.109703005	0.195092954
PKIG	0.075647286	0.006530067	0.364951781	1.427210729	1.041450726	0.297592925	0.319823396
PLA2G16	0.865814859	0.196853804	0.114742987	0.526609325	0.887845875	0.20169276	2.866411032
PLAC9	0.010278887	0.003578153	0.007088372	2.910994481	0.202437694	0.006534767	0.015619324
PLAT	0.028602309	0.015841622	0.022769582	0.700396445	0.718591753	0.197581414	1.543880973
PLAUR	5.923903198	0.064923321	0.106057712	0.654739161	0.385648128	1.015077919	0.91259484
PLD3	3.615954171	0.102393212	0.210778335	1.478707964	0.514148915	0.272352384	2.954789585
PLEK	2.064513832	0.055655593	0.122132067	0.030110708	0.028937751	0.0811173	0.044918128
PLIN2	3.565220973	0.421882185	0.12367117	0.414755085	0.450598021	1.862605357	0.640699533
PLK2	0.105108852	0.015642243	0.016342721	0.362092308	1.253654887	0.029591263	0.527937028
PLPP3	0.209237618	0.002510309	0.020886928	1.28119632	1.194049289	0.004599492	0.350149781
PLPP5	0.211164679	0.076171849	0.472322592	0.236343608	0.172649308	0.167443848	0.575657785
PLTP	1.605731475	0.013788945	0.050837219	2.05373229	0.249528119	0.02402965	0.562599682
PLVAP	0.014894482	0.001046287	0.001361963	0.002233804	3.649117374	0.002398966	0.009403689
PMP22	1.245781794	0.008650853	0.011402713	3.445897448	0.559997171	0.313222267	0.07323675
PNISR	0.789017217	0.686201641	1.135216313	1.643693218	1.764962638	0.525264693	1.986712337
PODXL	0.004986316	0.001087599	0.000881656	0.013282335	1.896953345	0.001290182	0.09647762
PON2	0.221999036	0.027676406	0.0383075	0.372061594	1.084209489	0.050887835	3.220507045
POSTN	0.00657332	0.002444199	0.002738264	4.006514476	1.748699673	0.002150141	0.013889163
POU2AF1	0.010063269	0.008424263	0.524955346	0.005475566	0.013032301	0.004419429	0.038758994
POU2F2	0.158437901	0.089968059	0.625479941	0.010714307	0.026618664	0.013851938	0.069379186
PPDPF	2.679894342	0.895509588	0.852772704	2.921532732	1.653290322	1.430539056	11.24272432
PPIC	0.378409765	0.009562508	0.011093885	2.14688796	0.673573553	0.008405902	1.188766155
PPP1R14A	0.154110759	0.002039343	0.020489855	2.158795685	0.127302208	0.002383813	0.057817273
PPP1R15A	3.450282899	0.863098227	1.595861401	3.191480563	2.768353952	2.958855091	2.120801445
PPP2R5C	0.49765915	0.680670171	0.355754808	0.274162871	0.333741819	0.15418469	1.082470056
PPT1	2.656131037	0.151982558	0.112158906	0.591732275	0.387282871	0.340943754	0.616956393
PRCP	0.663197479	0.046283766	0.147467904	0.527064578	1.731239205	0.050705256	0.16321977
PRDM2	0.183414525	0.136120732	0.418607762	0.196175806	0.197288058	0.084606872	0.304958672
PRDX1	6.336078599	0.640368477	1.072732998	2.848829502	3.082529133	2.161077043	4.493195101
PRDX4	0.692430011	0.08279541	1.335504685	1.360364913	0.631444334	0.177122332	1.415628404
PRDX5	1.871416338	0.483992224	0.913459189	2.969926658	1.643612927	0.600435732	7.242286265
PRDX6	1.4956912	0.372005169	0.468732564	2.335590252	1.300854306	1.654559277	3.45855435
PRELP	0.00614785	0.001506571	0.002940965	2.133133668	0.020846637	0.001352946	0.006571397
PRKCDBP	0.141391537	0.016440599	0.012814161	2.198650308	1.559255785	0.005559279	0.266906033
PRKCH	0.122948329	0.326386479	0.014881524	0.022832186	0.66498122	0.013363458	0.1197821
PRKX	0.155667379	0.205763297	0.157762506	0.064304996	0.387873376	0.422557844	0.099044575
PRNP	0.92359017	0.255878226	0.177267428	0.944585781	0.339348167	0.67120336	0.463906445
PRPF38B	0.71765396	0.585543976	0.436471234	0.643297224	0.64860329	0.33323779	0.880505895
PRRX1	0.004382334	0.000597296	0.000327548	1.26144762	0.003571716	0.000323428	0.108859308
PRSS23	0.030725317	0.035938604	0.005220937	1.261803666	3.036154005	0.004605829	0.93877095
PSAP	21.18349572	0.415430351	1.299744479	4.935611113	2.728723794	1.295366949	4.953632028
PSMB9	1.735695414	0.987540788	0.919422752	0.893337946	1.84478551	0.495420459	1.112842621
PTGDS	0.756124168	0.14760332	0.04139443	23.27473639	0.606501525	0.025855295	0.656820893
PTGER4	0.846093597	0.396308598	0.074796599	0.307274227	0.034540839	0.199472892	0.077467783
PTGS1	0.251996959	0.001989244	0.013899517	0.056774254	0.042445165	0.65208233	0.014651544
PTGS2	0.581685413	0.01346994	0.019844123	0.322911608	0.153282072	0.631024712	1.458173582
PTMA	22.95753649	10.91576596	13.186357	23.04940836	32.44560346	18.38483078	36.80855001
PTMS	2.054446676	0.205244885	0.079736362	3.973735363	3.246495534	0.24532049	1.837406547
PTPN7	0.199161105	0.49534364	0.351578637	0.019465361	0.015166565	0.409294047	0.02340777
PTPRB	0.001935781	0.000774774	0.003216634	0.003250044	1.745397213	0.069543554	0.016869644
PTPRC	1.505431412	1.459414265	0.549426163	0.046689147	0.092667963	0.319219178	0.102577266
PTRF	0.027116666	0.007756819	0.009884801	2.575008357	4.29141357	0.280658076	0.719719581
PYCARD	3.434481343	0.216295133	0.310742564	0.425507483	0.525980168	0.570343612	0.82546462
RAB11A	0.826748223	0.243907923	0.198789567	0.621333065	2.290794346	0.275029855	1.318039612
RAB13	1.29464997	0.020056731	0.069553136	2.149233278	2.314674012	0.168344091	2.229797059
RAB25	0.027298242	0.009892619	0.014188066	0.023502639	0.019093936	0.009332686	2.370785003
RAB27B	0.005983013	0.011702534	0.006025605	0.027880616	0.008686004	0.49415192	0.625173016
RAB32	1.133362486	0.006845552	0.012505223	0.373047282	0.485127528	0.506171838	0.354058257
RAC2	1.119566156	1.288263751	1.140146731	0.071648306	0.051940391	2.006571882	0.298660019
RALB	0.335534045	0.051481697	0.058931674	0.292501256	0.879087826	0.365205468	0.27855654
RAMP2	0.010050238	0.00193068	0.015541481	0.092424503	8.060399006	0.002737858	0.035993094
RAMP3	0.002671425	0.000470397	0.000321839	0.029634321	3.467265451	0.001628605	0.002318615
RARRES1	0.388069013	0.00499535	0.009740729	2.894020567	0.033218502	0.076947111	0.08635184
RARRES2	0.091624236	0.016527934	0.037594325	16.06379502	0.355656203	0.016664412	0.900092646
RARRES3	0.632706495	1.073531951	0.311141986	1.193595237	0.453450848	0.301251508	2.891651302
RASSF5	0.486465207	0.311976734	0.212315211	0.029582415	0.024543575	0.553724474	0.174022684
RBP7	0.12393244	0.001732337	0.005829853	0.002596873	0.74585881	0.000211388	0.00773938
RDX	0.652619774	0.090528869	0.12018677	0.812457365	3.046340203	0.159668988	1.478853232
REL	2.749626854	1.055893969	1.475374108	0.46473889	0.512947904	2.003487663	1.313704071
RENBP	0.542276744	0.023658445	0.024929008	0.038661114	0.090410679	0.522939548	0.112882896
RETN	2.35768701	0.009727459	0.012077465	0.038327291	0.015285822	0.009888517	0.055684661
RGCC	4.671845639	2.428804574	1.091439956	5.517553986	5.022722145	0.24636096	0.835769111
RGS1	6.196437617	3.669847901	3.3851353	0.332437642	0.221008836	8.932601958	0.514413847
RGS10	2.945210535	0.591634777	0.255471982	0.291181367	0.071905071	1.643886901	0.714026583
RGS13	0.045495699	0.016009397	0.091718401	0.033464704	0.008981084	3.271169075	0.026793024
RGS2	2.423605552	0.748166929	1.681167768	1.401923457	0.180891461	3.819897798	0.596574142
RGS5	0.009898421	0.005549211	0.007826254	1.55580608	1.042726944	0.016895062	0.020483062
RHOB	1.493315327	0.100542359	0.365823168	1.665830352	2.480476446	0.065639944	4.765757882
RHOBTB3	0.111963268	0.00601624	0.025958797	0.761072407	0.127625918	0.374676324	1.055760808
RHOC	0.894612784	0.343111236	0.095236273	2.448945405	3.451538832	0.245114169	1.878466449
RHOH	0.233102627	0.713507236	0.959156701	0.068225944	0.033096975	0.771246362	0.079594536
RNASE1	2.253904758	0.062042874	0.130091783	0.166730166	4.876030297	0.075399537	14.11996901
RNASE6	1.371158043	0.015896969	0.24979557	0.016673598	0.046287329	0.009253279	0.056425255
RNF130	2.396669905	0.03513414	0.03563175	0.413415116	0.33468866	0.583305884	0.700416134
ROBO4	0.006582853	0.000476483	0	0.002049862	1.035541576	0.000591406	0.003343647
RORA	0.0929165	0.670705904	0.101898092	0.371903735	0.265549072	0.018017314	0.268413749
RP1-313I6.12	0.11692182	0.092461037	0.482762342	0.035029119	0.026487783	0.094527826	0.34280849
RP11-1143G9.4	2.463542064	0.013730467	0.019117373	0.041937437	0.031459265	0.0210734	0.035225662
RP11-138A9.1	0.456751753	0.597251822	0.579541673	0.186808845	0.328378357	0.10501963	0.446973766
RP11-138A9.2	0.22367926	0.467327675	0.373974638	0.125387238	0.135698076	0.098005818	0.104181877
RP11-354E11.2	0.008221892	0.000811162	0.001897227	0.047308386	0	1.578401215	0.016005805
RPL11	26.52586734	13.81873388	23.34123032	29.76947352	23.05437666	18.15358704	46.52645807
RPL13A	39.88287586	25.14402984	41.84979169	57.52061994	38.55139197	21.46095182	66.48716942
RPL17	1.21203241	0.756539717	1.156615142	1.63200058	1.155389442	0.699277186	1.60218209
RPL18	14.65043897	8.037335629	14.45797909	17.39938284	13.54226864	7.670626454	25.30610251
RPL18A	23.53446096	12.5755456	22.62270466	26.53686799	18.86171791	12.55154187	39.62257097
RPL19	26.35125509	13.87761797	23.42229762	27.87844732	23.44902823	14.65434918	47.92246267
RPL21	30.70338294	18.96406235	30.65847643	33.50329266	23.58312093	21.19555298	41.85413333
RPL22	10.73875222	4.333630291	7.272244938	10.94007049	8.976474041	5.459785871	19.53383576
RPL22L1	1.244842143	0.463516562	1.151388351	1.243355095	0.915780258	0.534452796	1.47031543
RPL23A	20.84977006	15.34769836	24.8703377	26.50548599	19.19155163	11.72137002	51.54886498
RPL26	24.5937265	11.66210888	18.07841238	24.00207556	21.59807817	15.67253202	31.51259636
RPL3	19.28875566	13.1827669	22.33586438	35.44757127	27.49915109	13.43755281	32.92834925
RPL30	19.77657396	12.50958468	19.21416885	20.36150188	15.67127326	12.23046586	36.33928804
RPL31	13.51119499	9.250971277	12.95057244	16.96362227	13.7006998	9.129146624	29.63283616
RPL32	27.90139884	15.36584027	25.50285087	32.10929956	28.88710287	18.90020722	44.7134272
RPL34	24.38359494	14.96965006	23.50613506	30.29003233	27.19631564	21.97491518	44.78252116
RPL35A	14.69418874	9.194343378	14.40748818	19.83036539	16.66042208	10.56133281	30.65644449
RPL36A	3.358640531	1.808167291	2.617020129	3.474118137	3.301860776	1.839995077	7.286769719
RPL37	15.61829615	7.696172853	12.87415077	16.32453216	14.03412885	7.207084545	38.32005441
RPL39	23.2131367	10.74652556	18.88595633	20.15525454	15.30585528	10.83580533	42.51659824
RPL4	8.37403804	4.518705365	7.156462495	10.75678555	6.800240436	4.438733999	11.55475472
RPL41	32.2057352	17.36393067	26.81903149	36.52749402	25.12683845	17.38859412	63.51180086
RPL5	10.53735848	6.224105751	10.62594902	18.82858301	12.5875457	7.480347973	18.95000365
RPL8	20.36911378	8.284079666	16.90584197	22.89896172	17.7072682	10.25400563	54.75680387
RPL9	22.8616945	11.22329289	19.10411713	24.78068465	19.18758099	11.84790336	33.57882356
RPLP2	29.84781596	17.41387305	30.41146926	25.73926805	21.44474286	12.81566873	60.02452231
RPS10	8.888976216	4.671709973	7.275300638	8.569448421	7.203932428	3.285902982	14.68875856
RPS11	17.02633818	6.599262169	14.36472267	17.02721571	12.66498045	7.582680689	25.26485109
RPS13	19.81493722	8.037962878	13.43058982	17.86290447	15.04063747	9.130844875	28.60904769
RPS15A	22.69207462	15.85336046	22.46194263	24.42410816	20.43606024	11.65601768	38.4643233
RPS17	18.35070247	9.648359585	16.02252554	22.46795902	17.65989531	9.453715001	32.81218556
RPS18	38.29511821	22.30049717	38.65326954	50.26356787	43.37720723	23.64238844	98.29267162
RPS20	23.71661757	10.36124532	17.47504456	21.64824165	16.58399216	10.72657967	40.60427003
RPS21	6.723175367	3.589312006	5.79933246	5.505661733	5.191577702	2.854843833	14.3641016
RPS23	27.70099562	11.56094717	24.33549459	30.03556076	25.42947136	13.40263279	46.34474699
RPS25	17.58014813	11.12552034	16.73206588	17.07168644	14.44933317	11.69158601	33.40967818
RPS26	6.706386473	4.384895789	4.771506166	6.698651765	6.656472199	3.520126395	10.30367289
RPS27	28.32959135	23.93089508	34.17822431	31.35481047	19.41228148	17.7205665	68.97800387
RPS27A	26.52042987	17.3827125	25.34298683	32.24918617	26.70970888	18.68837726	45.86145426
RPS28	17.9771422	8.454343795	14.15801732	16.04678186	21.30898388	8.092914088	31.42617585
RPS29	18.48623633	13.05958631	18.53933086	13.17579629	11.86393819	9.894670531	33.84826046
RPS3A	23.30977533	11.46468038	18.36612132	26.27430586	20.6771623	11.56465821	32.56059987
RPS5	12.80107587	6.268036227	13.36565751	17.33000889	12.00323681	7.055518187	24.96565569
RPS6	24.65250258	15.55819576	25.31528111	33.74748113	31.98760354	17.43444466	49.60576297
RPS8	19.3691909	10.17437166	20.34934789	25.25025098	20.3826888	10.77540323	39.17794948
RPSA	10.42536454	6.821843259	10.62165537	12.03318309	7.326989588	5.503312123	13.64564331
RUNX3	0.378133253	0.554641319	0.228314536	0.036700859	0.033611445	0.163420748	0.069483556
S100A10	17.19655807	1.728852466	0.857058251	7.277702584	8.207285005	1.053906591	29.06559244
S100A11	27.09239962	1.44289898	0.854152169	5.996663327	4.101910571	2.690018453	22.64535423
S100A13	0.798292605	0.061624884	0.088176669	3.931263551	2.362145603	0.122717641	7.124805555
S100A14	0.041320837	0.022288758	0.021054294	0.072144484	0.02234601	0.022780891	5.81258913
S100A16	0.058638442	0.024439432	0.032804415	1.547599065	3.314466303	0.020054735	3.655546019
S100A2	0.117414276	0.054953588	0.098862458	0.125520897	0.051411617	0.051274117	6.780974886
S100A6	29.4333096	3.864543198	2.72263079	21.67214161	13.11423947	9.009242618	121.540909
S100A8	4.78235075	0.02738798	0.048611912	0.061513587	0.040272999	0.024109217	0.280991252
S100A9	10.9535753	0.109308694	0.15717511	0.240503637	0.278024871	0.101170305	6.181720664
SAMHD1	1.730219836	0.111957066	0.023688605	0.286537419	0.2132188	0.014735373	0.188833173
SAMSN1	0.964439546	1.05902314	0.59839094	0.047052215	0.039500492	2.99374599	0.104080211
SARAF	3.124226359	2.728001863	1.804763369	1.945419819	1.558252783	2.237380034	2.273896835
SAT1	22.32283201	1.726007202	4.237544148	6.533996612	6.635119602	5.587560168	28.2583936
SCGB1A1	0.220843004	0.077050916	0.130184181	0.161687178	0.149352573	0.069768188	15.69554196
SCGB3A1	0.435582943	0.181481321	0.307242203	0.352425061	0.404989574	0.163247208	39.51674992
SCGB3A2	0.605520167	0.284404607	0.347995402	0.49957107	0.383739395	0.242901287	62.56152247
SDC1	0.046083072	0.021228104	0.351023918	0.239965722	0.043277651	0.021092138	4.111898627
SDC4	0.261420671	0.03957349	0.034954025	0.187897837	0.094444729	0.024110399	3.938633504
SDCBP	4.48111363	0.566269361	0.421895815	1.292150102	2.107304161	2.216044383	1.362424119
SDPR	0.013834782	0.003234346	0.003340625	0.532945546	1.815030404	0.388437618	0.206158048
SEC11C	0.811519399	0.320509719	2.070023287	0.275581128	0.649870367	0.256096012	1.786017377
SEL1L3	0.14804506	0.067351454	0.325442223	0.058022071	0.111910099	0.008525	0.589555185
SELENBP1	0.022145379	0.006575837	0.012025838	0.462004938	0.096668291	0.010292013	2.350943003
SELK	2.242654154	1.038592137	2.114068503	1.323711995	1.477518272	3.6993013	2.073718629
SELM	0.323482485	0.194172543	0.722916276	6.057322482	1.210693879	0.212671353	2.736329705
SELP	0.001260741	0.001164574	0.004312816	0.006230549	0.584811149	0	0.000181023
SEPP1	2.250825787	0.028121868	0.044256873	7.271381203	1.08161781	0.040202611	1.899889859
SEPT1	0.095760106	0.443555209	0.297605627	0.180317433	0.033334588	0.084959614	0.131973429
SEPT2	0.767618357	0.179004754	0.236772792	1.073492794	1.099957171	0.831136975	1.45099636
SEPW1	1.366132961	0.380636315	0.253869496	1.869197229	3.087289256	0.51967025	6.951901176
SERPINA1	6.6336306	0.107071423	0.17099953	0.250055268	0.21049136	0.102633014	16.16177674
SERPINB6	0.924398497	0.042793254	0.107277464	0.706296164	1.874395802	0.341572758	0.837321773
SERPINF1	0.929939349	0.012275609	0.026713759	9.608372272	0.030693589	0.10562732	0.456402746
SERPING1	1.819763562	0.016703448	0.039591668	7.362614007	1.111293052	0.025832005	0.658009098
SERPINH1	0.124684338	0.016621576	0.01012497	3.237139577	1.947586591	0.014123401	1.334878197
SFN	0.027450523	0.011997033	0.010483502	0.029788591	0.03446532	0.011512421	2.111047595
SFRP2	0.019186053	0.008252617	0.010275079	10.33204993	0.006489387	0.006933242	0.028881965
SFRP4	0.010042405	0.002202927	0.00311896	3.049746608	0.003337129	0.005525677	0.0135995
SFTA1P	0.025181506	0.014962356	0.01819344	0.534073768	0.031943515	0.009855171	2.264009635
SFTA2	0.112925553	0.056365929	0.0762704	0.120338377	0.097404902	0.061616734	13.70523275
SFTA3	0.034193633	0.018212638	0.016770543	0.033616223	0.028410278	0.017942614	4.289635135
SFTPA1	0.444139145	0.174298786	0.239627796	0.300943185	0.29224555	0.154473024	46.50476579
SFTPA2	0.548769377	0.247245868	0.33423206	0.316880272	0.36055318	0.199306167	51.99296094
SFTPB	0.491453116	0.205381056	0.326383313	0.333457016	0.377126524	0.171567899	62.00416453
SFTPC	1.417896413	0.547882703	0.837648788	1.072592958	0.984150781	0.547522241	199.1997753
SFTPD	0.064063698	0.026399574	0.055049691	0.030598192	0.041708471	0.04613115	7.066113858
SGK1	2.536720846	0.065648307	0.216877004	0.248420734	0.742158712	0.695438943	0.907694267
SH3BP5	0.494900072	0.082495582	0.267880336	0.327538471	1.732826077	0.005065613	0.26043319
SKAP1	0.051919106	0.361539958	0.045723759	0.013532351	0.02034552	0.311918058	0.041639045
SLA	0.560919154	0.425796476	0.060599369	0.032941734	0.023701605	0.059915591	0.033396943
SLC11A1	1.435275214	0.00892399	0.008481122	0.025331397	0.027131058	0.026375526	0.057221867
SLC18A2	0.022438323	0.001321353	0.001581854	0.007859997	0.003182886	1.597516355	0.011657868
SLC22A31	0.031512738	0.012414941	0.031860838	0.023574903	0.010112851	0.009931057	1.744753328
SLC34A2	0.083208992	0.033057141	0.037824894	0.045591105	0.033818685	0.030710593	11.27226314
SLC38A1	0.120820566	0.356931429	0.211350424	0.067169817	0.151313906	0.011331671	0.435150552
SLC45A3	0.011820491	0.00037611	0.005064992	0.013959925	0.021526557	0.460346834	0.026633962
SLC7A7	1.601939224	0.005368176	0.064269674	0.170309946	0.055613581	0.010084615	0.057055985
SLC9A3R2	0.039172467	0.007525929	0.016904979	0.647856669	3.968940303	0.023701809	1.478212728
SLCO2A1	0.002699138	0.000778284	0.000622591	0.011661938	0.914552514	0.000802794	0.154839924
SLPI	0.21481177	0.094274059	0.137061225	2.326855062	0.451097881	0.093163709	22.34109599
SMAP2	0.516829953	0.246122266	0.509653965	0.092552911	0.069511154	0.05194759	0.230230638
SMARCB1	0.382745703	0.128915995	0.60512586	0.594750286	0.456553811	0.120923311	0.674823514
SMDT1	1.517603193	0.538193485	1.26627762	1.282362272	1.056592278	0.586056183	2.178805684
SMIM14	0.580191766	0.043752666	1.008921491	0.588844702	0.313533638	0.131583173	1.754658863
SMIM22	0.042322873	0.023167458	0.031127849	0.040377781	0.022359203	0.010340123	3.276760619
SMYD3	0.051537822	0.035755977	0.04520352	0.401926403	0.094228564	0.614387099	0.314238438
SNCG	0.016252973	0.006121049	0.005207956	0.111337746	1.358107542	0.004990221	1.144218379
SNX10	2.103337834	0.08429577	0.185764964	0.088865128	0.08593709	0.153590536	0.135132854
SOCS1	0.185107682	0.237916922	0.138484843	0.379228459	0.039980748	0.478120466	0.220858866
SOCS3	1.321663189	0.326815482	0.461975576	3.700508671	6.884911889	0.170618608	1.780316433
SOD2	7.488478819	0.204450711	0.237514689	2.639206792	1.774793527	0.167551817	2.676607017
SOD3	0.023095248	0.008773988	0.009713212	4.505188874	0.009897973	0.004898498	1.10724395
SOX18	0.000833271	0.000377731	0.000275703	0.001444535	0.834998931	0	0.004795552
SOX4	0.364506478	0.105432628	0.092988481	2.69841443	2.743771599	0.260488998	10.07541046
SPARC	0.336384781	0.016665161	0.032333486	25.02105523	9.219848874	0.034120246	0.214735882
SPARCL1	0.032841598	0.009186044	0.012764147	7.944160619	12.51585639	0.005955999	0.044912995
SPI1	4.436878621	0.019148263	0.188621821	0.043823414	0.041494583	0.270887869	0.087661958
SPINT1	0.274473402	0.016599704	0.020390253	0.033144918	0.015528345	0.036802284	1.791548166
SPINT2	1.366733284	0.11373271	0.400620387	0.8502643	0.167769026	0.639896335	8.631974477
SPOCK2	0.078470599	0.793636889	0.110902074	0.065073693	0.14654355	0.021645445	0.363900674
SPON2	0.030318992	0.162732043	0.023986539	1.83278932	0.03288018	0.007556121	0.228677151
SPP1	20.622491	0.076576852	0.153745859	0.222745767	0.428117098	0.121118876	0.457607242
SPTBN1	0.050772106	0.061692534	0.076901788	1.521169202	2.340824842	0.063279755	1.115742759
SRGN	19.49505294	5.948157199	2.421251943	1.069483946	3.343821502	16.01604219	0.776986747
SRSF2	1.774678207	1.310976758	1.037137299	1.662516525	1.559001503	0.977266429	2.157734012
SRSF5	2.221594788	1.536372069	1.497066636	1.783721758	1.99292033	1.804008973	2.449375009
SRSF7	1.417123592	1.482001337	1.171856983	1.788511027	1.491627218	0.940962868	2.319561582
SSPN	0.077781632	0.001287688	0.139555719	1.23412546	0.008464156	0.003285863	0.13512651
SSR4	3.226667057	1.163942605	11.54490161	3.728235572	2.530916674	1.963779654	8.160877002
STAT4	0.075717056	0.34132682	0.029603041	0.028039774	0.012045488	0.017257837	0.041928809
STEAP4	0.026210362	0.007550012	0.008196033	0.147756873	0.019145105	0.008699889	2.546845363
STK17A	0.319377316	0.76156127	0.747144944	0.220032256	0.183860025	0.142692581	1.099092644
STK17B	0.704931154	0.784029338	0.595189957	0.216313173	0.068522884	0.802827409	0.576934799
STK4	0.736597725	0.794370806	0.891204398	0.220855224	0.317605074	0.507540186	0.336651315
STMN1	1.621141724	0.394423721	0.221471662	0.496086915	1.598479188	1.210494229	1.433576288
STOM	0.72835762	0.180887297	0.033802581	0.753568709	2.439175725	0.085473802	1.464748822
STX11	1.196200277	0.125523091	0.091881822	0.033053248	0.09930117	0.511897193	0.106314459
STX3	0.167962567	0.017940774	0.019887701	0.099598543	0.15224202	0.440766906	0.528567331
STXBP6	0.004453704	0.002352955	0.008978734	0.028750026	0.57164954	0.428888714	0.027963562
SVOPL	0.002614989	0.000470862	6.28E-05	0.000559426	0.001254212	0.415343886	0.010632919
SYAP1	0.636091653	0.303871745	0.247855357	0.378480329	0.236498638	0.738153837	0.870301157
SYNE2	0.047743386	0.339850054	0.099603725	0.166838568	0.852635312	0.013403535	0.748279539
TACSTD2	0.308005324	0.047488847	0.076680441	0.122378432	0.262411846	0.039389912	8.45768289
TAF1D	0.605584094	0.370714905	0.692608585	0.762743829	0.632167017	0.349700608	1.417651441
TAGAP	0.423426837	0.264604398	0.457822041	0.024223982	0.034658677	0.053851321	0.034287683
TAGLN	0.16887885	0.013509635	0.029904195	13.3543141	0.46068231	0.021806416	0.125527275
TBC1D10C	0.249586547	0.502164559	0.272633311	0.023353051	0.011987749	0.089219666	0.038919866
TCEA1	0.563384894	0.27940719	0.612641081	0.729816983	0.472381017	0.411475687	1.340148221
TCF21	0.005026507	0.001548502	0.002511732	1.649509023	0.002681058	0.002662023	0.00876232
TCF4	0.34697649	0.005748948	0.488746437	1.95706832	3.967305157	0.012996569	0.061469004
TCF7	0.111803865	0.264185997	0.119156922	0.27895604	0.089365205	0.127655469	0.182266715
TERF2IP	0.531897619	0.514489443	0.376459112	0.954938275	0.771208499	0.358661684	0.606875284
TESC	0.05893387	0.090659665	0.063857342	0.165708776	0.238223804	0.457878835	0.573205822
TFPI	0.063893811	0.017445172	0.024810069	1.516470613	3.233547156	0.02077613	2.281893722
TFPI2	0.076739961	0.028417966	0.025935366	0.341817476	0.134478213	0.022856758	1.300143503
TGFBI	2.66367537	0.026709918	0.020317622	1.366197981	0.061874757	0.012640098	0.536078164
TGFBR2	0.442897342	0.082293659	0.083224142	0.464290639	1.522933662	0.072098871	0.561505238
TGM2	0.743732109	0.008953417	0.025427526	2.667819393	1.932943457	0.00862575	0.797684345
THBS2	0.004383975	0.000883109	0.002621707	1.84880267	0.001276045	0.00077036	0.007155204
THY1	0.011310833	0.004532251	0.004894635	4.595829113	0.349434091	0.000755365	0.008534214
TIE1	0.003201263	0.000752834	0.000458798	0.016614266	1.112090878	0.052219887	0.003960075
TIGIT	0.034154024	0.495083546	0.030587587	0.015097359	0.011310972	0.004612707	0.024480191
TIMP1	5.531049846	0.330743811	0.426124406	46.01196655	11.67201974	1.967373448	5.058272573
TIMP2	1.194866133	0.01513131	0.023908442	2.056696482	0.48581874	0.015059662	0.692900335
TIMP3	0.068070573	0.009375587	0.015489743	6.32133344	2.995574564	0.404098565	0.892049823
TINAGL1	0.007839735	0.001730353	0.002248071	0.386859609	1.146709814	0.053338182	0.234432164
TIPARP	0.469183314	0.167610486	0.083746252	0.206179863	0.26643634	0.561410501	1.001252231
TM4SF1	0.146062846	0.067043057	0.098427456	1.154518491	9.687489793	0.060752879	6.932822554
TM4SF18	0.001688599	4.97E-05	0.000529052	0.000768999	1.048910576	0.001784543	0.030485836
TMC5	0.01217028	0.006121574	0.003358188	0.012035267	0.008502104	0.007781334	1.695469327
TMEM100	0.002715246	0.001025663	0.001254243	0.164735201	0.670672106	0.00209503	0.080993439
TMEM176A	1.704599492	0.009790066	0.013933623	2.887281224	0.125851939	0.409067056	0.583479788
TMEM176B	2.880255682	0.015509933	0.028037596	3.636804457	0.170132784	1.094610928	0.58154575
TMEM233	0.001415043	0.001545735	0.000315627	0.010349379	0.189657086	0.581699982	0.016090984
TMEM243	0.484570678	0.225318055	0.562447733	0.365692322	0.314970352	0.06947199	1.360862957
TNFAIP3	2.295104084	1.716106291	0.332275291	0.631995113	0.491841808	1.030961996	0.671973361
TNFRSF12A	0.229986606	0.033967723	0.044782226	1.14135164	0.175849384	0.30242014	2.172033057
TNFRSF13B	0.007860231	0.012709474	0.489470144	0.002992343	0.002681058	0.001769547	0.015084838
TNFRSF13C	0.011124065	0.008926156	0.62847915	0.008965471	0.002944609	0.002874522	0.017293079
TNFRSF1B	0.633412615	0.427844742	0.089187173	0.117040973	0.18248975	0.01553544	0.089514899
TNFSF10	0.399562536	0.144659509	0.080481018	0.399848621	4.215123647	0.860316166	2.012238635
TNFSF13B	1.75925425	0.076889663	0.025346508	1.16447102	0.030314192	0.006860172	0.063307998
TPD52	0.152265525	0.092303407	0.610918499	0.027295878	0.178482581	0.01074995	0.967830506
TPM1	0.237612758	0.033106274	0.02316602	4.612140947	0.774920396	0.24878323	2.632056388
TPM2	0.06188821	0.007379508	0.011323997	6.314323658	0.167902456	0.006864563	0.112712927
TPSAB1	0.142941623	0.014395308	0.065128172	0.080414646	0.080672979	69.70609228	0.427647933
TPSB2	0.36892086	0.055494756	0.155463839	0.257814133	0.208945918	130.1291751	0.915418828
TRAC	0.288316152	4.521507597	0.341176799	0.266791887	0.197216903	0.089263805	0.152000973
TRAF3IP3	0.148714095	0.369868153	0.226467269	0.015526987	0.004198822	0.211224068	0.026238427
TRBC1	0.214125735	2.35716421	0.082609348	0.094785588	0.066838877	0.048554879	0.126612107
TRBC2	0.228808059	2.295010141	0.306562064	0.091474545	0.082242534	0.063692666	0.159315477
TRDC	0.010141806	0.146764391	0.003237032	0.052150664	0.009930107	0.004629897	0.011403975
TREM1	2.09805357	0.015010273	0.026033928	0.05290977	0.0239707	0.009874749	0.69747371
TREM2	2.99822828	0.009896064	0.014785488	0.018567727	0.038618759	0.018191038	0.050125765
TSC22D1	0.376427255	0.032858169	0.05746339	2.6130902	2.831010286	1.030805472	2.240492512
TSC22D3	1.581395089	2.318480828	4.100092903	1.577990786	0.99201864	1.72153648	1.666315904
TSPAN13	0.13741425	0.025684175	0.200506371	0.145505466	1.236712549	0.018344825	3.570755367
TSPAN7	0.009989036	0.000724613	0.001791745	0.04922905	1.32914079	0.029636547	0.107900101
TSPO	8.590455467	0.689417118	0.470391696	1.34910344	2.248124709	1.158230281	3.194561371
TUBA1A	1.647965867	0.574745394	0.505300806	4.869933135	2.66910511	2.826014003	1.263979495
TUBA1B	9.468647401	1.167934552	1.134128939	4.679229388	3.348157738	2.238177491	3.256666108
TUBA4A	0.140129487	0.742573775	0.384891403	0.067307851	0.157224502	0.046376601	0.749796747
TWISTNB	0.819909786	0.151003077	0.254644226	0.377771795	0.290080709	0.735825662	0.374941551
TXNDC17	1.064934024	0.214580321	0.213989728	0.657277435	0.697373165	0.168247629	4.446771878
TYMP	7.931042959	0.417911821	0.961163218	2.047374833	0.463896157	0.407179072	2.13439009
TYROBP	30.76839005	0.374887431	0.233850159	0.356334912	0.414008095	3.331569195	0.800468625
UACA	0.079035081	0.001770077	0.005799448	0.785634135	1.075948104	0	0.034558185
UBE2J1	0.596487735	0.123600095	0.861098291	0.376665274	1.194158738	0.172374974	0.51674598
UCP2	2.133043644	0.663122333	0.767742165	0.100362667	0.139641342	0.271674699	0.964229335
UPK3B	0.001162272	0.000313922	0.000133538	0.1381452	0	0.000755365	0.077695554
VAMP2	0.715334016	0.826258931	0.847252092	1.256999631	0.986338781	0.60275731	1.422446733
VAMP5	1.454526839	0.312324054	0.275717684	1.984841557	4.385389908	0.279459602	0.78688915
VAPA	1.966158873	0.429105526	0.478751721	1.473044253	1.643218789	1.395838118	3.102253022
VCAN	0.685725796	0.002634964	0.00753012	3.281868268	0.036325705	0.004292914	0.379249307
VIM	39.64139782	4.346641497	3.225894658	28.66436013	29.1740696	15.89666423	3.839750301
VPREB3	0.017726142	0.004799757	1.415062536	0.015037806	0.004976729	0.010703717	0.038506852
VSIG4	3.013570227	0.011895465	0.021840862	0.017199592	0.034453386	0.011645888	0.053412503
VWA1	0.012196096	0.003884091	0.00503902	0.205365251	1.744633739	0.002179282	0.987052242
VWA5A	0.129414427	0.012965886	0.009759536	0.173782418	0.022408414	2.095757709	0.22302002
VWF	0.014538576	0.00270093	0.004842792	0.011878166	7.260998104	0.002148269	0.011219937
WARS	0.620077156	0.028391414	0.098871123	0.277159545	0.924706061	0.115022718	0.554547038
WDR74	0.215687332	0.179300354	0.361828984	0.228808019	0.165858078	0.089939399	0.374686628
WFDC2	0.310684263	0.16154248	0.215203936	0.412126649	0.188479596	0.123849876	26.92034098
WIPF1	0.856921303	0.608682462	0.42008668	0.23352532	0.345800498	0.201221329	0.108613761
WSB1	1.404533125	0.382289969	0.424985392	1.94238714	2.00040854	0.551606113	7.003787941
WWTR1	0.042022067	0.00593084	0.005624943	0.336776331	1.450507716	0.002058239	0.735676074
XBP1	1.112572079	0.339922082	3.116082943	1.05385973	0.513447445	0.529785802	2.786303341
XCL1	0.017145014	0.155754771	0.012019289	0.001654754	0.009151043	0.003761721	0.008374947
YBX3	1.111695218	0.065846426	0.136650229	2.032375698	3.465958435	0.102642041	3.192441143
YPEL5	1.221052004	1.352915619	2.242339046	0.592822827	0.484527808	0.369644181	1.431000931
YWHAH	2.996175852	0.184048027	0.229061163	0.830349187	1.380353733	0.177404814	1.161852155
ZFP36	6.270260662	2.938874612	2.952385711	8.823733054	9.453597463	5.214292508	6.589362215
ZFP36L1	3.080878141	0.61572665	0.946665922	5.450785399	2.216813771	0.528253154	11.13729641
ZFP36L2	2.511243068	4.463479567	2.280737429	3.799764385	2.424422608	0.503458424	1.534603009
ZNF331	1.521063518	0.93669061	1.112081981	0.315542404	0.201488347	1.381386295	0.29236301